genomestart 1
trait 1 0.1 0 0 0 0 0 0 0
node 1 0 1 3 1 0.5 0.5
node 2 0 1 1 1 0.5 0.5
node 3 0 1 1 1 0.5 0.5
node 4 0 1 1 1 0.5 0.5
node 5 0 1 1 1 0.5 0.5
node 6 0 1 1 1 0.5 0.5
node 7 0 1 1 1 0.5 0.5
node 8 0 1 1 1 0.5 0.5
node 9 0 1 1 1 0.5 0.5 
node 10 0 1 1 1 0.5 0.5
node 11 0 1 1 1 0.5 0.5
node 15 0 1 1 1 0.5 0.5
node 16 0 1 1 1 0.5 0.5
node 17 0 1 1 1 0.5 0.5
node 18 0 1 1 1 0.5 0.5
node 19 0 0 0 0 0.5 0.5
node 20 0 0 2 0 0.5 0.5
node 21 0 0 2 0 0.5 0.5
gene 1 1 19 0.0 0 1 0 1
gene 1 2 19 0.0 0 2 0 1
gene 1 3 19 0.0 0 3 0 1
gene 1 4 19 0.0 0 4 0 1
gene 1 5 19 0.0 0 5 0 1
gene 1 6 19 0.0 0 6 0 1
gene 1 7 19 0.0 0 7 0 1
gene 1 8 19 0.0 0 8 0 1
gene 1 9 19 0.0 0 9 0 1
gene 1 10 19 0.0 0 10 0 1
gene 1 11 19 0.0 0 11 0 1
gene 1 19 20 0.0 0 12 0 1
gene 1 19 21 0.0 0 13 0 1
gene 1 15 19 0.0 0 14 0 1
gene 1 16 19 0.0 0 15 0 1
gene 1 17 19 0.0 0 16 0 1
gene 1 18 19 0.0 0 17 0 1 
genomeend 1
