107 55
106.5 55
105.5 55.0087
104.001 55.048
102.005 55.1526
99.5148 55.3705
96.5413 55.7619
93.5915 56.3086
90.6744 57.009
87.7979 57.861
84.97 58.8624
82.1984 60.0105
79.4906 61.302
76.8542 62.7335
74.2962 64.301
71.8239 66.0002
69.4438 67.8265
67.1626 69.7748
64.9865 71.8399
62.9214 74.016
60.973 76.2972
59.1468 78.6773
57.4475 81.1497
55.8801 83.7076
54.4486 86.3441
53.157 89.0518
52.009 91.8235
51.0076 94.6514
50.1555 97.5278
49.4552 100.445
48.9996 102.903
48.7382 104.889
48.6201 106.39
48.5937 107.397
48.607 107.907
48.608 107.919
48.5447 107.438
48.384 106.571
48.1395 105.553
47.7003 104.07
47.0179 102.143
46.0451 99.7946
44.7536 97.0869
43.3221 94.4504
43.3221 94.4504
43.3221 94.4504
43.3221 94.4504
43.3221 94.4504
43.3221 94.4504
43.3221 94.4504
43.3221 94.4504
43.3221 94.4504
43.3221 94.4504
43.3221 94.4504
43.3221 94.4504
43.3221 94.4504
43.3221 94.4504
43.3221 94.4504
43.3221 94.4504
43.3221 94.4504
43.3221 94.4504
43.3221 94.4504
43.3221 94.4504
43.3221 94.4504
43.3221 94.4504
43.3221 94.4504
43.3221 94.4504
43.3221 94.4504
43.3221 94.4504
43.3221 94.4504
43.3221 94.4504
43.3221 94.4504
43.3221 94.4504
43.3221 94.4504
43.3221 94.4504
43.3221 94.4504
43.3221 94.4504
41.0409 96.3987
41.0409 96.3987
41.0409 96.3987
41.0409 96.3987
39.2146 98.7788
37.5154 101.251
35.9479 103.809
34.5164 106.446
33.2236 109.153
32.0742 111.924
31.0694 114.75
31.0694 114.75
31.0694 114.75
31.0694 114.75
31.0694 114.75
31.0694 114.75
31.0694 114.75
31.1421 117.75
31.3718 120.741
31.7576 123.716
32.2987 126.667
32.9934 129.585
33.8399 132.463
34.8359 135.293
35.9786 138.067
37.2649 140.777
38.6913 143.416
40.2539 145.977
41.9483 148.453
43.7701 150.837
45.714 153.121
47.7749 155.302
49.947 157.371
52.2245 159.324
54.601 161.154
57.0701 162.858
59.625 164.431
62.2587 165.867
64.964 167.164
67.7334 168.317
70.5594 169.324
73.4342 170.182
76.35 170.888
79.2987 171.44
82.2723 171.837
85.2626 172.079
88.2614 172.163
91.2605 172.09
93.7532 171.899
95.7371 171.641
97.2139 171.371
98.1899 171.138
98.6751 170.996
98.6831 170.993
98.2316 171.179
97.3423 171.601
96.0407 172.304
94.3724 173.322
92.3685 174.694
90.0642 176.455
87.7793 178.399
85.5992 180.46
83.5299 182.632
81.5772 184.909
79.7463 187.286
79.7463 187.286
79.7463 187.286
79.7463 187.286
79.7463 187.286
79.7463 187.286
79.7463 187.286
79.7463 187.286
79.7463 187.286
79.7463 187.286
79.7463 187.286
79.7463 187.286
79.7463 187.286
79.807 189.786
79.807 189.786
79.807 189.786
79.807 189.786
79.807 189.786
79.807 189.786
79.8871 190.013
79.8014 189.805
79.5124 189.196
78.9895 188.229
78.2093 186.95
77.1559 185.411
75.8192 183.662
74.1956 181.754
72.195 179.637
70.0229 177.568
67.7454 175.615
65.3689 173.785
62.8998 172.081
60.3449 170.508
57.7112 169.072
55.0059 167.775
52.2365 166.622
49.4105 165.615
46.5357 164.757
43.6199 164.051
40.6712 163.499
37.6976 163.101
34.7073 162.86
34.7073 162.86
34.7073 162.86
34.7073 162.86
34.7073 162.86
34.7073 162.86
34.7073 162.86
34.7073 162.86
34.7073 162.86
34.7073 162.86
34.7073 162.86
34.7073 162.86
34.7073 162.86
34.7073 162.86
34.7073 162.86
34.7073 162.86
34.7073 162.86
34.7073 162.86
34.7073 162.86
34.7073 162.86
34.7073 162.86
34.7073 162.86
34.7073 162.86
33.4106 165.566
33.4106 165.566
33.4106 165.566
33.4106 165.566
33.4106 165.566
33.4106 165.566
33.4106 165.566
33.4106 165.566
33.4106 165.566
33.4106 165.566
33.6402 168.557
34.0261 171.532
34.5671 174.483
35.2618 177.401
36.1083 180.279
37.1043 183.109
38.247 185.883
39.5334 188.593
40.9598 191.232
42.5224 193.793
44.2168 196.269
46.0385 198.652
47.9825 200.937
50.0433 203.118
52.2155 205.187
54.493 207.14
56.8695 208.97
59.3386 210.674
61.8935 212.247
64.5272 213.683
67.2325 214.98
70.0019 216.133
72.8279 217.14
75.7027 217.998
78.6185 218.704
81.5672 219.256
84.5408 219.653
87.5311 219.895
87.5311 219.895
87.5311 219.895
87.5311 219.895
87.5311 219.895
87.5311 219.895
87.5311 219.895
87.5311 219.895
87.5311 219.895
87.5311 219.895
87.5311 219.895
87.5311 219.895
87.3512 220.004
86.7812 220.394
85.8504 221.106
84.5931 222.176
83.0455 223.639
81.2467 225.527
79.294 227.804
77.4631 230.181
75.7592 232.65
74.1868 235.205
74.1868 235.205
74.1868 235.205
74.1868 235.205
74.1868 235.205
73.3292 238.08
73.3292 238.08
73.3292 238.08
73.3292 238.08
73.3292 238.08
73.3292 238.08
73.3292 238.08
73.3292 238.08
73.3292 238.08
73.3292 238.08
73.3292 238.08
73.3292 238.08
73.3292 238.08
73.3292 238.08
73.3292 238.08
73.3292 238.08
73.3292 238.08
73.3292 238.08
73.3292 238.08
73.3292 238.08
75.2064 240.065
77.2776 242.038
79.366 243.829
81.6149 245.562
83.878 247.123
86.2694 248.595
88.6722 249.906
91.1755 251.106
93.6863 252.151
96.2729 253.073
98.8639 253.846
101.527 254.491
104.21 254.993
106.967 255.362
109.766 255.587
112.651 255.668
115.621 255.596
118.613 255.367
121.588 254.981
124.539 254.44
127.457 253.745
130.335 252.898
133.165 251.902
135.939 250.76
138.199 249.687
139.967 248.731
141.279 247.931
142.157 247.33
142.624 246.973
142.708 246.901
142.439 247.156
141.849 247.775
140.975 248.795
139.855 250.248
138.532 252.166
137.048 254.576
135.612 257.21
134.315 259.915
133.162 262.685
132.155 265.511
132.155 265.511
132.155 265.511
132.155 265.511
132.155 265.511
132.155 265.511
132.155 265.511
132.155 265.511
132.155 265.511
132.155 265.511
132.155 265.511
132.155 265.511
132.155 265.511
132.155 265.511
132.155 265.511
132.155 265.511
132.155 265.511
132.155 265.511
132.155 265.511
132.155 265.511
132.155 265.511
132.155 265.511
132.155 265.511
132.155 265.511
132.155 265.511
132.155 265.511
132.155 265.511
132.155 265.511
132.155 265.511
132.155 265.511
132.155 265.511
132.155 265.511
132.155 265.511
132.155 265.511
135.126 265.925
138.115 266.184
141.113 266.285
144.113 266.23
147.105 266.018
150.082 265.649
153.036 265.125
155.959 264.448
158.842 263.618
161.677 262.638
164.458 261.512
167.175 260.241
169.823 258.83
172.393 257.282
174.878 255.602
177.272 253.795
179.569 251.864
181.761 249.816
183.842 247.656
185.808 245.39
187.653 243.024
189.371 240.564
190.958 238.019
190.958 238.019
190.958 238.019
190.958 238.019
190.958 238.019
190.958 238.019
190.958 238.019
190.958 238.019
190.958 238.019
190.958 238.019
190.958 238.019
190.958 238.019
190.958 238.019
190.958 238.019
190.958 238.019
190.958 238.019
190.958 238.019
190.958 238.019
190.958 238.019
190.958 238.019
190.958 238.019
190.958 238.019
190.958 238.019
190.958 238.019
190.958 238.019
190.958 238.019
190.958 238.019
190.958 238.019
190.958 238.019
188.499 236.3
188.499 236.3
188.499 236.3
188.499 236.3
188.499 236.3
188.499 236.3
188.499 236.3
188.499 236.3
188.499 236.3
188.499 236.3
188.499 236.3
188.265 236.293
188.491 236.288
189.173 236.24
189.173 236.24
189.173 236.24
189.173 236.24
189.173 236.24
189.173 236.24
189.173 236.24
189.173 236.24
189.173 236.24
189.173 236.24
189.173 236.24
189.173 236.24
189.173 236.24
189.173 236.24
189.173 236.24
189.173 236.24
189.173 236.24
189.173 236.24
189.173 236.24
189.173 236.24
189.173 236.24
189.173 236.24
189.173 236.24
189.173 236.24
189.173 236.24
189.173 236.24
189.173 236.24
189.173 236.24
189.173 236.24
189.173 236.24
189.173 236.24
189.173 236.24
189.173 236.24
189.173 236.24
189.173 236.24
189.173 236.24
189.173 236.24
189.173 236.24
189.173 236.24
189.173 236.24
189.173 236.24
189.173 236.24
189.173 236.24
189.173 236.24
189.173 236.24
189.173 236.24
189.173 236.24
189.173 236.24
189.173 236.24
189.173 236.24
189.274 236.289
189.765 236.497
190.659 236.822
192.047 237.244
193.941 237.715
196.347 238.18
199.27 238.588
202.259 238.846
205.257 238.948
208.256 238.892
211.249 238.68
214.226 238.312
217.18 237.788
220.102 237.11
222.985 236.28
222.985 236.28
222.985 236.28
222.985 236.28
222.985 236.28
222.985 236.28
222.985 236.28
222.985 236.28
222.985 236.28
222.985 236.28
222.985 236.28
222.985 236.28
222.985 236.28
222.985 236.28
222.985 236.28
222.985 236.28
222.985 236.28
222.985 236.28
222.985 236.28
222.985 236.28
222.985 236.28
222.985 236.28
222.985 236.28
222.985 236.28
222.985 236.28
222.985 236.28
222.985 236.28
222.617 233.303
222.617 233.303
222.617 233.303
222.617 233.303
222.617 233.303
222.617 233.303
222.617 233.303
222.617 233.303
222.617 233.303
222.617 233.303
220.809 230.909
218.878 228.613
216.83 226.421
214.67 224.339
212.404 222.373
210.038 220.528
207.579 218.81
205.033 217.223
202.408 215.771
199.71 214.458
196.948 213.289
194.127 212.266
191.258 211.392
188.346 210.669
185.401 210.099
182.429 209.685
179.441 209.426
176.442 209.324
173.443 209.38
170.45 209.592
167.473 209.961
164.519 210.484
161.597 211.162
158.714 211.992
155.878 212.972
153.098 214.098
150.38 215.369
147.733 216.78
145.163 218.327
142.677 220.008
140.283 221.815
140.283 221.815
140.283 221.815
140.283 221.815
140.283 221.815
140.283 221.815
140.283 221.815
140.283 221.815
140.283 221.815
140.283 221.815
140.283 221.815
140.283 221.815
140.283 221.815
140.283 221.815
140.283 221.815
140.283 221.815
140.283 221.815
140.283 221.815
140.283 221.815
140.283 221.815
140.433 223.027
140.433 223.027
140.433 223.027
140.433 223.027
140.422 222.994
140.266 222.61
139.926 221.882
139.783 221.614
139.884 221.782
140.274 222.359
140.274 222.359
140.274 222.359
140.274 222.359
140.274 222.359
140.274 222.359
140.274 222.359
140.274 222.359
140.274 222.359
140.274 222.359
140.274 222.359
140.274 222.359
140.274 222.359
140.274 222.359
140.274 222.359
143.193 222.923
143.193 222.923
143.193 222.923
143.193 222.923
143.193 222.923
145.824 222.737
148.38 222.42
150.848 221.982
153.246 221.426
155.568 220.758
157.833 219.976
160.04 219.081
162.208 218.068
164.761 216.707
167.335 215.165
169.824 213.49
172.107 211.774
174.407 209.849
176.608 207.81
178.698 205.658
180.673 203.4
182.528 201.042
184.256 198.589
185.854 196.05
187.316 193.431
188.64 190.739
189.82 187.981
190.855 185.165
191.741 182.299
192.476 179.39
193.057 176.447
193.484 173.477
193.755 170.49
193.869 167.492
193.826 164.492
193.626 161.499
193.269 158.52
192.757 155.564
192.092 152.639
191.274 149.752
190.306 146.913
189.191 144.128
187.931 141.405
186.531 138.752
184.994 136.176
184.994 136.176
184.994 136.176
184.994 136.176
184.994 136.176
184.994 136.176
184.994 136.176
184.994 136.176
184.994 136.176
184.994 136.176
184.994 136.176
184.994 136.176
184.994 136.176
184.994 136.176
184.994 136.176
184.994 136.176
184.994 136.176
184.994 136.176
184.994 136.176
184.994 136.176
184.994 136.176
184.994 136.176
184.994 136.176
184.994 136.176
184.994 136.176
184.994 136.176
184.994 136.176
184.994 136.176
182.271 137.435
182.271 137.435
182.271 137.435
182.271 137.435
182.271 137.435
182.271 137.435
182.271 137.435
182.271 137.435
182.31 137.391
182.648 136.96
183.246 136.112
184.06 134.818
185.044 133.056
186.151 130.805
186.151 130.805
186.151 130.805
186.151 130.805
186.151 130.805
186.151 130.805
186.151 130.805
186.151 130.805
186.151 130.805
186.151 130.805
186.151 130.805
186.151 130.805
186.151 130.805
186.151 130.805
186.151 130.805
186.151 130.805
186.151 130.805
186.151 130.805
186.151 130.805
186.151 130.805
186.151 130.805
186.151 130.805
186.151 130.805
186.151 130.805
186.151 130.805
186.151 130.805
186.151 130.805
186.151 130.805
186.249 130.867
186.787 131.167
187.788 131.659
189.273 132.295
191.259 133.025
193.758 133.797
196.667 134.532
199.61 135.114
202.579 135.54
205.567 135.811
208.565 135.925
211.565 135.882
214.558 135.682
