1 0.162857142857 0.482142857143 1 0 0 1 0 0 0 0 0 0 0 0 0 0 0 0 0 1 0 0 0 0 0 0 0 0 0.0 0 0 0.0 0 0 1 0 0.092 0.0 0
0 0.0651127819549 0.0133928571429 0 0 1 0 0 0 0 0 0 0 0 0 0 0 0 1 0 1 0 0 0 0 0 0 0 0 0.350877192982 0 0 0.0 1 1 0 0 0.15 0.0 1
0 0.146616541353 0.0535714285714 0 1 0 0 0 0 0 0 0 0 0 1 0 0 0 0 0 0 0 0 1 0 0 0 0 0 0.030701754386 0 0 0.0 1 0 1 0 0.08 0.0 0
1 0.292030075188 0.0357142857143 0 1 0 0 0 0 0 0 0 0 0 0 0 0 0 0 1 0 0 0 1 0 0 0 0 0 0.0263157894737 1 1 0.10447761194 1 0 1 0 0.17 0.04071 1
1 0.241804511278 0.0446428571429 1 0 0 0 0 0 1 0 0 0 0 0 0 0 0 0 0 0 0 0 1 0 0 0 0 0 0.00877192982456 0 0 0.0 0 0 1 0 0.112 0.0 0
1 0.611578947368 0.0178571428571 1 0 0 0 0 0 1 0 0 0 0 0 0 0 0 0 0 0 0 0 0 0 0 0 1 0 0.138947368421 1 0 0.0 0 0 1 0 0.09 0.00314 1
1 0.432330827068 0.175535714286 1 0 0 0 0 0 0 0 0 0 0 1 0 0 0 0 0 0 0 0 1 0 0 0 0 0 0.111052631579 1 0 0.0 1 0 1 0 0.026 0.01442 1
0 0.773233082707 0.5 0 1 0 1 0 0 0 0 0 0 0 0 0 0 0 0 0 1 0 0 0 0 0 0 0 0 0.0 1 1 0.164179104478 1 0 1 0 0.0 0.014 1
1 0.278195488722 0.5 1 0 0 1 0 0 0 0 0 0 0 0 0 0 0 0 0 1 0 0 0 0 0 0 0 0 0.0 0 1 0.0298507462687 0 0 1 0 0.08 1e-05 0
0 0.0951879699248 0.00446428571429 0 1 0 0 0 0 0 0 0 0 0 0 0 1 0 0 0 0 0 0 1 0 0 0 0 0 0.0350877192982 0 1 0.0149253731343 0 0 1 0 0.12 0.00768 1
1 0.119097744361 0.0416071428571 1 0 0 0 0 0 1 0 0 0 0 0 0 0 0 0 0 0 0 0 1 0 0 0 0 0 0.0877192982456 1 1 0.0149253731343 0 0 1 0 0.09 0.0002 0
1 0.33954887218 0.135357142857 0 1 0 0 0 0 0 0 0 0 0 1 0 0 0 0 0 0 0 0 1 0 0 0 0 0 0.0408771929825 1 0 0.0 1 0 1 0 0.1 0.0 0
1 0.159097744361 0.236607142857 1 0 0 0 1 0 0 0 0 0 0 0 0 0 0 0 0 0 0 0 1 0 0 0 0 0 0.19298245614 1 0 0.0 1 1 0 0 0.05 0.0 1
1 0.617744360902 0.553571428571 0 1 0 0 0 0 0 0 0 0 0 0 1 0 0 0 0 0 0 0 0 0 0 0 0 1 0.0 1 1 0.298507462687 0 0 1 0 0.076 0.0013 0
1 0.393533834586 0.178571428571 0 1 0 0 0 1 0 0 0 0 0 0 0 0 0 0 0 0 0 0 0 1 0 0 0 0 0.00736842105263 0 0 0.0 0 0 1 0 0.275 0.0 0
1 0.382255639098 0.0610714285714 0 1 0 0 0 0 0 0 0 0 0 0 0 0 0 0 1 0 0 0 1 0 0 0 0 0 0.00438596491228 1 1 0.0746268656716 1 0 1 0 0.24 0.0 1
1 0.0651127819549 0.196428571429 0 1 0 0 0 0 1 0 0 0 0 0 0 0 0 0 0 0 0 0 1 0 0 0 0 0 0.0175438596491 1 0 0.0 0 0 1 0 0.04 0.0 1
1 0.298195488722 0.0119642857143 1 0 0 0 0 0 0 0 0 0 0 0 0 0 0 1 0 0 0 0 1 0 0 0 0 0 0.00298245614035 0 0 0.0 0 0 1 0 0.09 0.0 0
1 0.314586466165 0.0385714285714 0 1 0 0 0 0 0 0 0 1 0 0 0 0 0 0 0 0 0 0 1 0 0 0 0 0 0.0408771929825 0 0 0.0 0 1 0 0 0.014 0.0 0
1 0.298195488722 0.00892857142857 0 1 0 0 0 1 0 0 0 0 0 0 0 0 0 0 0 0 0 0 0 1 0 0 0 0 0.140350877193 0 0 0.0 1 1 0 0 0.21 0.0 0
0 0.0777443609023 0.321428571429 0 1 0 0 0 0 0 0 1 0 0 0 0 0 0 0 0 0 0 0 1 0 0 0 0 0 0.0263157894737 1 1 0.0298507462687 0 0 1 0 0.044 0.00591 1
1 0.408571428571 0.0298214285714 0 1 0 1 0 0 0 0 0 0 0 0 0 0 0 0 0 1 0 0 0 0 0 0 0 0 0.0 1 0 0.0 0 0 1 0 0.065 1e-05 0
0 0.0902255639098 0.0267857142857 0 1 0 0 0 0 0 0 0 0 1 0 0 0 0 0 0 0 0 0 1 0 0 0 0 0 0.0278947368421 1 1 0.0746268656716 1 0 1 0 0.07 5e-05 0
1 0.0375939849624 0.0 1 0 0 0 0 0 0 0 1 0 0 0 0 0 0 0 0 0 0 0 1 0 0 0 0 0 0.00877192982456 0 0 0.0 0 0 1 0 0.03 0.0 0
1 0.267969924812 0.0133928571429 0 1 0 0 1 0 0 0 0 0 0 0 0 0 0 0 0 0 0 0 1 0 0 0 0 0 0.030701754386 1 0 0.0 1 1 0 0 0.464 0.0 0
1 0.393533834586 0.0192857142857 1 0 0 0 0 0 0 0 1 0 0 0 0 0 0 0 0 0 0 0 1 0 0 0 0 0 0.0175438596491 1 1 0.044776119403 0 0 1 0 0.1 0.01 1
0 0.174135338346 0.0744642857143 0 1 0 0 0 0 0 0 0 0 1 0 0 0 0 0 0 0 0 0 0 0 0 0 1 0 0.0964912280702 1 0 0.0 1 0 1 0 0.18 1e-05 0
0 0.155338345865 0.0178571428571 0 1 0 0 0 0 0 0 0 0 0 0 0 1 0 0 0 0 0 0 0 0 0 0 1 0 0.0438596491228 1 1 0.0149253731343 0 0 1 0 0.0 0.00678 1
1 0.218045112782 0.18 1 0 0 0 0 0 0 0 0 0 1 0 0 0 0 0 0 0 0 0 0 1 0 0 0 0 0.0526315789474 1 1 0.119402985075 1 0 1 0 0.072 7e-05 1
0 0.248120300752 0.196428571429 0 1 0 0 0 0 1 0 0 0 0 0 0 0 0 0 0 0 0 0 1 0 0 0 0 0 0.19298245614 0 0 0.0 1 1 0 0 0.05 0.0 0
1 0.0627067669173 0.00732142857143 0 1 0 0 0 0 0 0 1 0 0 0 0 0 0 0 0 0 0 0 1 0 0 0 0 0 0.00140350877193 0 0 0.0 0 0 1 0 0.14 0.0075 0
0 0.0989473684211 0.357142857143 0 1 0 0 0 0 0 0 0 0 1 0 0 0 0 0 0 0 0 0 0 0 0 0 1 0 0.0350877192982 1 1 0.0597014925373 0 0 1 0 0.025 0.01465 1
0 0.36962406015 0.157678571429 0 1 0 0 0 0 0 0 0 0 1 0 0 0 0 0 0 0 0 0 1 0 0 0 0 0 0.00438596491228 0 0 0.0 0 0 1 0 0.08 0.0 0
0 0.10030075188 0.267857142857 0 1 0 0 0 0 1 0 0 0 0 0 0 0 0 0 0 0 0 0 1 0 0 0 0 0 0.0526315789474 1 1 0.0149253731343 0 0 1 0 0.08 0.00234 1
1 0.0876691729323 0.0208928571429 0 1 0 1 0 0 0 0 0 0 0 0 0 0 0 0 0 1 0 0 0 0 0 0 0 0 0.0 0 1 0.044776119403 0 0 1 0 0.175 0.00769 0
1 0.373383458647 0.119107142857 0 1 0 0 0 0 0 0 0 0 0 1 0 0 0 0 0 0 0 0 1 0 0 0 0 0 0.140350877193 1 1 0.208955223881 0 0 1 0 0.1915 0.01344 1
1 0.267969924812 0.178571428571 1 0 0 0 0 0 0 0 1 0 0 0 0 0 0 0 0 0 0 0 1 0 0 0 0 0 0.298245614035 1 0 0.0 0 0 1 0 0.0 0.0 0
1 0.171729323308 0.107142857143 0 1 0 0 0 0 0 0 0 0 1 0 0 0 0 0 0 0 0 0 1 0 0 0 0 0 0.0438596491228 0 1 0.0149253731343 0 0 1 0 0.0 0.00022 0
1 0.0551879699248 0.232142857143 0 1 0 0 0 1 0 0 0 0 0 0 0 0 0 0 0 0 0 0 1 0 0 0 0 0 0.00438596491228 0 0 0.0 0 0 1 0 0.03 0.001 0
1 0.139097744361 0.0223214285714 1 0 0 0 0 0 0 0 1 0 0 0 0 0 0 0 0 0 0 0 1 0 0 0 0 0 0.00438596491228 1 0 0.0 0 0 1 0 0.09 1e-05 0
1 0.263157894737 0.0401785714286 0 1 0 1 0 0 0 0 0 0 0 0 0 0 0 0 0 1 0 0 0 0 0 0 0 0 0.0 0 1 0.0149253731343 0 0 1 0 0.048 0.00019 0
0 0.134135338346 0.25 0 1 0 0 0 0 0 0 0 0 1 0 0 0 0 0 0 0 0 0 1 0 0 0 0 0 0.00578947368421 0 0 0.0 0 0 1 0 0.08 0.0 0
1 0.323308270677 0.589285714286 1 0 0 0 0 0 0 0 0 0 1 0 0 0 0 0 0 0 0 0 1 0 0 0 0 0 0.140350877193 1 0 0.0 0 0 1 0 0.04 0.0 0
1 0.165413533835 0.0192857142857 0 1 0 0 0 0 0 0 0 1 0 0 0 0 0 0 0 0 0 0 1 0 0 0 0 0 0.0350877192982 0 0 0.0 1 0 1 0 0.06 1e-05 0
0 0.495037593985 0.0164285714286 0 1 0 0 0 0 0 0 0 0 0 0 0 0 0 1 0 0 0 0 0 0 0 0 1 0 0.0145614035088 1 1 0.164179104478 1 0 1 0 0.22 6e-05 1
1 0.31954887218 0.120535714286 0 1 0 0 0 0 0 0 0 0 1 0 0 0 0 0 0 0 0 0 0 0 0 0 1 0 0.290877192982 0 0 0.0 1 0 1 0 0.0 0.0 0
0 0.0726315789474 0.357142857143 0 1 0 0 1 0 0 0 0 0 0 0 0 0 0 0 0 0 0 0 1 0 0 0 0 0 0.0145614035088 0 0 0.0 0 0 1 0 0.04 0.00042 0
0 0.506315789474 0.107142857143 0 1 0 0 0 0 0 0 0 0 0 0 0 0 0 0 1 0 0 0 1 0 0 0 0 0 0.486842105263 1 1 0.0298507462687 1 0 1 0 0.2595 0.01704 1
1 0.129022556391 0.392857142857 0 1 0 0 0 0 0 0 0 0 0 1 0 0 0 0 0 0 0 0 1 0 0 0 0 0 0.0701754385965 1 1 0.0149253731343 0 0 1 0 0.04 0.00278 1
0 0.167969924812 0.0446428571429 0 1 0 1 0 0 0 0 0 0 0 0 0 0 0 0 0 1 0 0 0 0 0 0 0 0 0.0 1 0 0.0 0 0 1 0 0.04 0.0 0
0 0.273233082707 0.111607142857 0 1 0 1 0 0 0 0 0 0 0 0 0 0 0 0 0 1 0 0 0 0 0 0 0 0 0.106666666667 0 1 0.0298507462687 1 0 1 0 0.1 4e-05 0
1 0.0864661654135 0.0103571428571 0 1 0 0 0 0 1 0 0 0 0 0 0 0 0 0 0 0 0 0 1 0 0 0 0 0 0.0101754385965 0 0 0.0 0 0 1 0 0.14 0.00364 0
0 0.223007518797 0.126428571429 0 1 0 0 0 1 0 0 0 0 0 0 0 0 0 0 0 0 0 0 0 1 0 0 0 0 0.0175438596491 1 0 0.0 1 0 1 0 0.0855 0.0 0
1 0.121503759398 0.392857142857 0 1 0 0 0 0 0 0 0 0 0 0 0 0 0 0 1 0 0 0 1 0 0 0 0 0 0.0101754385965 1 1 0.089552238806 0 0 1 0 0.0605 0.0 1
1 0.947368421053 0.796071428571 0 1 0 0 0 0 0 0 0 0 0 0 1 0 0 0 0 0 0 0 0 0 0 0 0 1 0.447368421053 1 1 0.0149253731343 1 0 1 0 0.0 0.00109 1
0 0.131578947368 0.0148214285714 0 1 0 0 0 1 0 0 0 0 0 0 0 0 0 0 0 0 0 0 1 0 0 0 0 0 0.0117543859649 0 0 0.0 1 1 0 0 0.072 0.0 0
1 0.134135338346 0.00589285714286 0 1 0 0 0 0 0 0 0 0 1 0 0 0 0 0 0 0 0 1 0 0 0 0 0 0 0.0789473684211 0 0 0.0 1 1 0 0 0.0 0.0 1
1 0.52 0.428571428571 0 1 0 0 0 0 0 0 0 1 0 0 0 0 0 0 0 0 0 0 1 0 0 0 0 0 0.561403508772 1 0 0.0 0 1 0 0 0.055 0.0 1
1 0.502556390977 0.208392857143 0 1 0 0 0 0 0 0 0 0 0 1 0 0 0 0 0 0 0 0 1 0 0 0 0 0 0.19298245614 0 0 0.0 0 0 1 0 0.2325 0.0015 0
0 0.573984962406 0.232142857143 0 1 0 0 0 1 0 0 0 0 0 0 0 0 0 0 0 0 0 0 0 1 0 0 0 0 0.108245614035 0 0 0.0 1 0 1 0 0.0365 0.0 0
1 0.316992481203 0.142857142857 0 1 0 0 1 0 0 0 0 0 0 0 0 0 0 0 0 0 0 0 0 1 0 0 0 0 0.438596491228 1 0 0.0 1 0 1 0 0.092 0.0 0
1 0.565112781955 0.357142857143 0 1 0 0 0 1 0 0 0 0 0 0 0 0 0 0 0 0 0 0 0 1 0 0 0 0 0.0 1 1 0.164179104478 0 0 1 0 0.0 0.01249 1
1 0.115338345865 0.0267857142857 1 0 0 0 0 0 0 0 0 0 0 0 0 0 1 0 0 0 0 0 0 0 0 1 0 0 0.0263157894737 0 0 0.0 1 0 1 0 0.066 2e-05 0
1 0.267969924812 0.0178571428571 0 1 0 0 0 0 0 0 0 0 1 0 0 0 0 0 0 0 0 0 0 1 0 0 0 0 0.029298245614 1 0 0.0 1 1 0 0 0.16 0.0 0
1 0.278195488722 0.00589285714286 1 0 0 0 0 0 0 0 0 0 1 0 0 0 0 0 0 0 0 0 0 0 0 0 1 0 0.114035087719 1 1 0.0149253731343 1 0 1 0 0.216 0.08 1
0 0.220601503759 0.125 0 1 0 0 0 0 0 0 0 0 0 1 0 0 0 0 0 0 0 0 1 0 0 0 0 0 0.029298245614 1 0 0.0 0 1 0 0 0.14 0.0 1
0 0.293233082707 0.107142857143 1 0 0 0 0 0 0 0 1 0 0 0 0 0 0 0 0 0 0 0 1 0 0 0 0 0 0.0701754385965 0 0 0.0 0 0 1 0 0.09 0.0 0
1 0.424812030075 0.00732142857143 0 1 0 0 0 1 0 0 0 0 0 0 0 0 0 0 0 0 0 0 0 0 0 0 1 0 0.179824561404 1 0 0.0 0 0 1 0 0.2 0.0 1
1 0.458646616541 0.0178571428571 0 1 0 0 0 0 0 0 0 1 0 0 0 0 0 0 0 0 0 0 1 0 0 0 0 0 0.377192982456 1 0 0.0 0 1 0 0 0.2 0.0 0
1 0.51007518797 0.0892857142857 0 1 0 0 0 0 0 0 0 1 0 0 0 0 0 0 0 0 0 0 0 1 0 0 0 0 0.0877192982456 1 1 0.179104477612 1 0 1 0 0.205 0.0251 1
0 0.161654135338 0.08625 1 0 0 0 0 0 0 0 0 0 1 0 0 0 0 0 0 0 0 0 1 0 0 0 0 0 0.0 0 0 0.0 0 0 1 0 0.06 0.0 0
1 0.132781954887 0.0535714285714 1 0 0 0 0 0 0 0 1 0 0 0 0 0 0 0 0 0 0 0 1 0 0 0 0 0 0.0189473684211 0 0 0.0 1 0 1 0 0.06 0.00067 0
1 0.186766917293 0.0298214285714 0 1 0 0 0 0 0 0 0 0 0 0 0 0 0 1 0 0 0 0 1 0 0 0 0 0 0.0408771929825 0 0 0.0 0 0 1 0 0.05 0.0 0
1 0.131578947368 0.410714285714 1 0 0 0 0 0 0 0 0 1 0 0 0 0 0 0 0 0 0 0 1 0 0 0 0 0 0.0526315789474 0 0 0.0 1 0 1 0 0.0 0.04 0
0 0.161654135338 0.0625 1 0 0 0 0 0 0 0 0 0 1 0 0 0 0 0 0 0 0 0 1 0 0 0 0 0 0.00578947368421 0 0 0.0 0 0 1 0 0.066 0.0 0
1 0.101503759398 0.357142857143 1 0 0 0 0 0 0 0 0 0 1 0 0 0 0 0 0 0 0 0 1 0 0 0 0 0 0.0877192982456 1 0 0.0 0 1 0 0 0.02 0.0 1
1 0.211729323308 0.0535714285714 0 1 0 0 0 0 0 0 0 0 0 1 0 0 0 0 0 0 0 0 1 0 0 0 0 0 0.0701754385965 1 1 0.164179104478 1 0 1 0 0.217 0.00035 1
1 0.318345864662 0.178571428571 0 1 0 0 0 0 0 0 0 0 0 0 0 0 0 0 1 0 0 0 0 0 0 0 1 0 0.263157894737 1 1 0.089552238806 1 0 1 0 0.0 0.01 1
0 0.134135338346 0.0267857142857 0 1 0 0 0 0 0 0 0 0 1 0 0 0 0 0 0 0 0 0 1 0 0 0 0 0 0.0701754385965 0 1 0.0298507462687 1 0 1 0 0.1 0.00394 0
1 0.189172932331 0.464285714286 0 1 0 0 0 0 0 0 0 0 0 0 1 0 0 0 0 0 1 0 0 0 0 0 0 0 0.0 0 0 0.0 1 0 1 0 0.07 0.0111 0
1 0.214285714286 0.0714285714286 0 1 0 0 0 0 1 0 0 0 0 0 0 0 0 0 0 0 0 0 0 0 0 0 1 0 0.146140350877 1 1 0.0298507462687 1 0 1 0 0.0905 0.0 1
1 0.0852631578947 0.0535714285714 1 0 0 0 0 0 0 0 0 0 0 0 0 0 0 1 0 0 0 0 1 0 0 0 0 0 0.0701754385965 1 0 0.0 1 0 1 0 0.05 0.0002 0
1 0.556390977444 0.0208928571429 0 1 0 1 0 0 0 0 0 0 0 0 0 0 0 0 0 1 0 0 0 0 0 0 0 0 0.0 0 0 0.0 0 0 1 0 0.0725 0.0 0
0 0.0777443609023 0.330357142857 1 0 0 0 0 0 0 0 0 0 1 0 0 0 0 0 0 0 0 0 1 0 0 0 0 0 0.0350877192982 1 1 0.0597014925373 1 0 1 0 0.04 0.005 1
1 0.0763909774436 0.126428571429 1 0 0 1 0 0 0 0 0 0 0 0 0 0 0 0 0 1 0 0 0 0 0 0 0 0 0.0 0 0 0.0 1 0 1 0 0.09 1e-05 0
1 0.0676691729323 0.00589285714286 0 1 0 0 1 0 0 0 0 0 0 0 0 0 0 0 0 0 0 0 1 0 0 0 0 0 0.00877192982456 0 0 0.0 1 1 0 0 0.14 0.0 0
0 0.161654135338 0.455357142857 0 1 0 0 0 0 0 0 0 0 1 0 0 0 0 0 0 0 0 0 0 1 0 0 0 0 0.166666666667 1 1 0.0298507462687 0 0 1 0 0.0365 0.00444 1
1 0.289473684211 0.0892857142857 1 0 0 0 0 0 0 0 0 0 0 1 0 0 0 0 0 0 0 0 1 0 0 0 0 0 0.245614035088 0 0 0.0 1 0 1 0 0.14 0.0 0
1 0.279398496241 0.267857142857 0 1 0 0 0 0 0 0 0 0 0 0 1 0 0 0 0 0 0 0 0 1 0 0 0 0 0.0556140350877 1 0 0.0 1 1 0 0 0.21 0.0 0
0 0.0326315789474 0.102678571429 0 1 0 0 0 0 0 0 0 0 0 0 0 1 0 0 0 0 0 0 1 0 0 0 0 0 0.00298245614035 0 0 0.0 0 0 1 0 0.06 0.0 0
1 0.518796992481 0.895892857143 0 1 0 0 0 0 0 0 0 0 0 1 0 0 0 0 0 0 0 0 1 0 0 0 0 0 0.0614035087719 1 1 0.044776119403 0 0 1 0 0.06 0.00014 1
1 0.135338345865 0.410714285714 0 1 0 0 0 1 0 0 0 0 0 0 0 0 0 0 0 0 0 0 1 0 0 0 0 0 0.0145614035088 0 0 0.0 0 0 1 0 0.0 0.0 0
0 0.0876691729323 0.02375 1 0 0 0 0 0 0 0 0 0 1 0 0 0 0 0 0 0 0 0 1 0 0 0 0 0 0.0350877192982 0 1 0.0149253731343 0 0 1 0 1.0 2e-05 0
1 0.674135338346 0.0967857142857 0 1 0 0 0 0 0 0 0 0 1 0 0 0 0 0 0 0 0 0 1 0 0 0 0 0 0.0847368421053 0 0 0.0 1 0 1 0 0.16 0.0 0
1 0.152932330827 0.0208928571429 1 0 0 0 0 0 0 0 0 0 0 0 0 0 0 1 0 0 0 0 0 0 0 0 1 0 0.00438596491228 0 0 0.0 0 0 1 0 0.12 1e-05 0
1 0.393533834586 0.221785714286 0 1 0 0 0 0 0 0 0 0 0 0 0 1 0 0 0 0 0 0 1 0 0 0 0 0 0.00140350877193 1 1 0.0149253731343 0 0 1 0 0.1 0.003 1
0 0.345864661654 0.183035714286 0 1 0 0 0 0 0 0 0 0 0 0 1 0 0 0 0 0 0 0 1 0 0 0 0 0 0.175438596491 1 0 0.0 1 0 1 0 0.0 0.04 1
1 0.267969924812 0.375 0 1 0 0 0 0 0 0 0 0 0 0 0 0 0 0 1 0 0 0 1 0 0 0 0 0 0.228070175439 1 0 0.0 0 0 1 0 0.0 0.0 1
1 0.146616541353 0.113035714286 1 0 0 0 0 0 1 0 0 0 0 0 0 0 0 0 0 0 0 0 1 0 0 0 0 0 0.0145614035088 0 1 0.0149253731343 1 0 1 0 0.14 0.0008 0
1 0.0 0.142857142857 1 0 0 0 0 0 0 0 0 0 0 1 0 0 0 0 0 0 0 0 1 0 0 0 0 0 0.0614035087719 1 1 0.0298507462687 1 0 1 0 0.06 0.01 1
0 0.238045112782 0.0625 1 0 0 0 0 0 1 0 0 0 0 0 0 0 0 0 0 0 0 0 1 0 0 0 0 0 0.0438596491228 0 0 0.0 1 0 1 0 0.14 0.0 0
1 0.196691729323 0.0192857142857 0 1 0 0 0 0 1 0 0 0 0 0 0 0 0 0 0 1 0 0 0 0 0 0 0 0 0.0 0 0 0.0 0 0 1 0 0.05 0.0 0
0 0.105263157895 0.340714285714 0 1 0 0 0 1 0 0 0 0 0 0 0 0 0 0 0 0 0 0 1 0 0 0 0 0 0.00140350877193 0 0 0.0 0 0 1 0 0.1 0.01 0
0 0.267969924812 0.0535714285714 0 1 0 1 0 0 0 0 0 0 0 0 0 0 0 0 0 1 0 0 0 0 0 0 0 0 0.0 0 1 0.0298507462687 1 0 1 0 0.1 0.00105 0
0 0.0575939849624 0.321428571429 0 1 0 0 0 0 0 0 1 0 0 0 0 0 0 0 0 0 0 0 1 0 0 0 0 0 0.0482456140351 1 0 0.0 1 0 1 0 0.0 0.0 1
1 0.538796992481 0.678571428571 0 1 0 1 0 0 0 0 0 0 0 0 0 0 0 0 0 1 0 0 0 0 0 0 0 0 0.0 1 1 0.0149253731343 0 0 1 0 0.047 0.0 0
0 0.67037593985 0.357142857143 0 1 0 0 0 0 0 0 0 0 0 0 0 1 0 0 0 0 0 0 1 0 0 0 0 0 0.140350877193 1 1 0.208955223881 0 0 1 0 0.0 0.01602 1
1 0.195488721805 0.0714285714286 0 1 0 0 1 0 0 0 0 0 0 0 0 0 0 0 0 0 0 0 1 0 0 0 0 0 0.0263157894737 0 0 0.0 1 0 1 0 0.04 0.0 0
1 0.0951879699248 0.00892857142857 0 1 0 0 0 0 0 0 0 0 0 0 0 1 0 0 0 0 0 0 1 0 0 0 0 0 0.00438596491228 0 0 0.0 0 0 1 0 0.1 0.0 0
1 0.14030075188 0.410714285714 0 1 0 0 0 0 0 0 0 0 0 1 0 0 0 0 0 0 0 0 0 0 0 0 1 0 0.0745614035088 1 1 0.164179104478 1 0 1 0 0.145 0.00284 1
1 0.337142857143 0.196428571429 0 1 0 0 0 1 0 0 0 0 0 0 0 0 0 0 0 0 0 0 0 1 0 0 0 0 0.175438596491 0 0 0.0 0 0 1 0 0.105 0.00687 0
1 0.386015037594 0.0610714285714 1 0 0 0 0 0 0 0 0 1 0 0 0 0 0 0 0 0 0 0 1 0 0 0 0 0 0.00578947368421 0 0 0.0 0 1 0 0 0.2 0.0 0
1 0.418496240602 0.0625 0 1 0 0 0 0 1 0 0 0 0 0 0 0 0 0 0 0 0 0 1 0 0 0 0 0 0.00736842105263 1 0 0.0 0 0 1 0 0.08 0.0 0
1 0.408571428571 0.0178571428571 1 0 0 0 0 0 0 0 0 1 0 0 0 0 0 0 0 0 0 0 1 0 0 0 0 0 0.0175438596491 0 0 0.0 1 0 1 0 0.065 0.0 0
0 0.12030075188 0.419642857143 0 1 0 0 0 0 0 0 0 0 1 0 0 0 0 0 0 0 0 0 1 0 0 0 0 0 0.00877192982456 0 0 0.0 1 0 1 0 0.09 0.0 0
0 0.185413533835 0.309464285714 0 1 0 0 0 0 0 0 1 0 0 0 0 0 0 0 0 0 0 0 1 0 0 0 0 0 0.049649122807 1 0 0.0 0 0 1 0 0.08 0.0015 1
1 0.139097744361 0.0267857142857 0 1 0 0 0 0 0 0 0 1 0 0 0 0 0 0 0 0 0 0 1 0 0 0 0 0 0.0175438596491 1 0 0.0 1 1 0 0 0.16 0.0 0
1 0.124060150376 0.0282142857143 0 1 0 0 0 0 0 0 0 0 0 1 0 0 0 0 0 0 0 0 1 0 0 0 0 0 0.0101754385965 0 1 0.0149253731343 0 0 1 0 0.21 0.00283 0
1 0.318345864662 0.0892857142857 0 1 0 0 0 0 0 0 0 0 0 1 0 0 0 0 0 0 0 0 1 0 0 0 0 0 0.0 1 0 0.0 1 0 1 0 0.1195 0.002 1
1 0.307067669173 0.1875 0 1 0 0 0 0 0 0 0 0 0 1 0 0 0 0 0 0 0 0 1 0 0 0 0 0 0.00298245614035 0 0 0.0 1 0 1 0 0.145 6e-05 1
1 0.035037593985 0.0267857142857 0 1 0 0 0 0 0 0 0 0 1 0 0 0 0 0 0 0 0 0 1 0 0 0 0 0 0.0614035087719 1 1 0.0746268656716 1 0 1 0 0.176 0.0069 1
1 0.582706766917 0.232142857143 0 1 0 0 0 0 1 0 0 0 0 0 0 0 0 0 0 0 0 0 1 0 0 0 0 0 0.220701754386 1 1 0.223880597015 0 0 1 0 0.0 0.11202 1
1 0.344661654135 0.0714285714286 0 1 0 0 0 1 0 0 0 0 0 0 0 0 0 0 0 0 0 0 1 0 0 0 0 0 0.00877192982456 0 0 0.0 1 0 1 0 0.1105 0.0 0
1 0.109022556391 0.107142857143 1 0 0 0 1 0 0 0 0 0 0 0 0 0 0 0 0 0 0 0 1 0 0 0 0 0 0.0380701754386 1 1 0.119402985075 1 0 1 0 0.08 1e-05 1
0 0.380902255639 0.142857142857 0 1 0 0 0 0 0 0 0 0 1 0 0 0 0 0 0 0 0 0 1 0 0 0 0 0 0.105263157895 0 0 0.0 0 0 1 0 0.24 0.0 0
0 0.253082706767 0.380892857143 0 1 0 0 0 0 0 0 0 0 0 0 0 1 0 0 0 0 0 0 0 0 0 0 1 0 0.00298245614035 0 1 0.179104477612 1 0 1 0 0.0645 3e-05 0
1 0.169172932331 0.446428571429 0 1 0 0 0 0 0 0 1 0 0 0 0 0 0 0 0 0 0 0 1 0 0 0 0 0 0.105263157895 1 0 0.0 1 1 0 0 0.01 0.0 1
1 0.194285714286 0.520892857143 0 1 0 0 0 1 0 0 0 0 0 0 0 0 0 0 0 0 0 0 0 1 0 0 0 0 0.0 0 0 0.0 1 0 1 0 0.089 0.0 0
1 0.10030075188 0.0655357142857 0 1 0 0 0 0 0 0 0 0 1 0 0 0 0 0 0 0 0 0 1 0 0 0 0 0 0.0789473684211 1 1 0.0149253731343 0 0 1 0 0.05 0.0015 1
1 0.305714285714 0.00285714285714 1 0 0 0 0 0 0 0 0 1 0 0 0 0 0 0 0 0 0 0 0 1 0 0 0 0 0.00140350877193 1 1 0.0149253731343 1 0 1 0 0.14 0.02 1
0 0.169172932331 0.03125 0 1 0 0 0 0 0 0 0 0 0 0 0 0 0 0 1 0 0 0 0 0 0 0 1 0 0.0364912280702 1 0 0.0 1 0 1 0 0.08 0.0586 1
1 0.104060150376 0.0148214285714 0 1 0 0 0 0 0 0 0 0 1 0 0 0 0 0 0 0 0 0 1 0 0 0 0 0 0.00438596491228 0 0 0.0 0 0 1 0 0.0 0.00044 0
0 0.205563909774 0.517857142857 0 1 0 0 0 0 0 0 0 0 0 0 0 0 0 0 1 0 0 0 0 0 0 0 1 0 0.108245614035 1 1 0.0149253731343 0 0 1 0 0.06 0.00011 1
1 0.235639097744 0.0446428571429 0 1 0 0 0 0 0 0 0 0 0 1 0 0 0 0 0 0 0 0 1 0 0 0 0 0 0.0614035087719 0 0 0.0 0 0 1 0 0.1 0.0 0
0 0.223007518797 0.0594642857143 0 1 0 0 0 0 0 0 0 0 0 0 0 1 0 0 0 0 0 0 1 0 0 0 0 0 0.0847368421053 1 0 0.0 1 0 1 0 0.22 0.0 0
1 0.613984962406 0.33625 0 1 0 1 0 0 0 0 0 0 0 0 0 0 0 0 0 1 0 0 0 0 0 0 0 0 0.505789473684 1 1 0.164179104478 1 0 1 0 0.015 0.003 1
1 0.169172932331 0.428571428571 0 1 0 0 0 0 1 0 0 0 0 0 0 0 0 0 0 0 0 0 1 0 0 0 0 0 0.0789473684211 1 1 0.0298507462687 1 0 1 0 0.06 5e-05 0
1 0.382255639098 0.0892857142857 1 0 0 0 0 1 0 0 0 0 0 0 0 0 0 0 0 0 0 0 0 0 0 0 1 0 0.350877192982 0 0 0.0 1 1 0 0 0.1 0.0 0
1 0.340902255639 0.0267857142857 1 0 0 0 1 0 0 0 0 0 0 0 0 0 0 0 0 0 0 0 1 0 0 0 0 0 0.0205263157895 0 0 0.0 0 0 1 0 0.12 3e-05 0
0 0.292030075188 0.0803571428571 1 0 0 0 0 0 0 0 0 0 0 0 0 0 0 1 0 0 0 0 1 0 0 0 0 0 0.122807017544 0 0 0.0 1 0 1 0 0.1 0.00141 0
1 0.11022556391 0.147321428571 1 0 0 0 0 1 0 0 0 0 0 0 0 0 0 0 0 0 0 0 0 0 0 0 1 0 0.00140350877193 0 0 0.0 0 0 1 0 0.07 0.001 0
1 0.241804511278 0.0728571428571 1 0 0 0 0 0 0 0 0 0 0 0 0 0 0 0 1 0 0 0 0 0 0 0 1 0 0.00140350877193 0 0 0.0 0 0 1 0 0.064 1e-05 0
0 0.642857142857 0.571428571429 0 1 0 0 0 0 0 1 0 0 0 0 0 0 0 0 0 1 0 0 0 0 0 0 0 0 0.0 1 1 0.223880597015 0 0 1 0 0.0 0.00247 1
1 0.641654135338 1.0 1 0 0 0 0 0 0 0 0 0 1 0 0 0 0 0 0 0 0 0 1 0 0 0 0 0 1.0 1 1 0.597014925373 0 0 1 0 0.0 0.00015 1
1 0.0852631578947 0.258928571429 0 1 0 0 0 0 0 0 0 1 0 0 0 0 0 0 0 0 0 0 1 0 0 0 0 0 0.00140350877193 0 1 0.0149253731343 0 0 1 0 0.05 1e-05 0
1 0.121503759398 0.00892857142857 0 1 0 0 1 0 0 0 0 0 0 0 0 0 0 0 0 0 0 0 0 0 0 0 1 0 0.0233333333333 1 0 0.0 1 0 1 0 0.0 0.0 1
1 0.0664661654135 0.366071428571 0 1 0 0 0 0 0 0 0 0 1 0 0 0 0 0 0 0 0 0 0 0 0 0 1 0 0.0380701754386 0 0 0.0 0 0 1 0 0.16 0.00013 0
0 0.0702255639098 0.330357142857 0 1 0 0 0 0 0 0 0 0 0 0 0 1 0 0 0 0 0 0 1 0 0 0 0 0 0.0424561403509 1 1 0.0597014925373 0 0 1 0 0.03 0.0054 1
1 0.40977443609 0.00142857142857 0 1 0 0 0 0 0 0 0 0 0 0 1 0 0 0 0 0 0 0 1 0 0 0 0 0 0.00140350877193 0 1 0.0149253731343 0 1 0 0 0.28 0.0 1
1 0.249323308271 0.0178571428571 0 1 0 0 1 0 0 0 0 0 0 0 0 0 0 0 0 0 0 0 0 0 0 0 1 0 0.00298245614035 0 0 0.0 1 1 0 0 0.126 0.0 0
1 0.14030075188 0.0892857142857 0 1 0 0 0 0 0 0 0 0 1 0 0 0 0 0 0 0 0 0 1 0 0 0 0 0 0.0380701754386 1 1 0.164179104478 1 0 1 0 0.03 0.02184 1
1 0.0763909774436 0.0148214285714 1 0 0 0 0 0 0 0 0 0 1 0 0 0 0 0 0 0 0 0 1 0 0 0 0 0 0.00578947368421 0 1 0.0149253731343 0 0 1 0 0.1 1e-05 0
0 0.375939849624 0.0535714285714 0 1 0 1 0 0 0 0 0 0 0 0 0 0 0 0 0 1 0 0 0 0 0 0 0 0 0.0 0 0 0.0 0 0 1 0 0.038 0.0 0
1 0.344661654135 0.116071428571 0 1 0 0 0 0 0 0 0 0 0 0 0 1 0 0 0 0 0 0 0 0 0 0 1 0 0.315789473684 1 0 0.0 1 0 1 0 0.051 0.00639 1
0 0.215488721805 0.535714285714 1 0 0 0 0 0 0 0 0 0 0 0 1 0 0 0 0 0 0 0 0 0 0 0 0 1 0.0 1 0 0.0 0 0 1 0 0.0 0.13212 1
1 0.285714285714 0.0833928571429 0 1 0 0 1 0 0 0 0 0 0 0 0 0 0 0 0 0 0 0 0 0 0 0 1 0 0.201754385965 0 0 0.0 1 0 1 0 0.146 0.0 0
0 0.414736842105 0.0357142857143 0 1 0 0 0 1 0 0 0 0 0 0 0 0 0 0 0 0 0 0 0 1 0 0 0 0 0.0789473684211 1 0 0.0 1 0 1 0 0.0 0.003 1
0 0.236842105263 0.0714285714286 1 0 0 0 0 0 0 0 0 0 0 0 1 0 0 0 0 0 0 0 0 0 0 0 1 0 0.0701754385965 0 0 0.0 0 0 1 0 0.128 0.00017 0
0 0.209323308271 0.0728571428571 0 1 0 0 0 0 0 0 0 0 0 1 0 0 0 0 0 0 0 0 1 0 0 0 0 0 0.00877192982456 0 0 0.0 1 0 1 0 0.09 0.0005 0
1 0.300751879699 0.0982142857143 0 1 0 0 0 1 0 0 0 0 0 0 0 0 0 0 0 0 0 0 0 1 0 0 0 0 0.0 0 0 0.0 0 0 1 0 0.09 0.0 0
1 0.267969924812 0.00142857142857 1 0 0 0 1 0 0 0 0 0 0 0 0 0 0 0 0 0 0 0 1 0 0 0 0 0 0.149122807018 0 0 0.0 1 0 1 0 0.23 0.0 0
0 0.368421052632 0.214285714286 0 1 0 0 0 0 1 0 0 0 0 0 0 0 0 0 0 0 0 0 1 0 0 0 0 0 0.0350877192982 1 0 0.0 1 0 1 0 0.0 0.0 1
1 0.504962406015 0.232142857143 0 1 0 0 0 0 0 0 0 0 1 0 0 0 0 0 0 0 0 0 1 0 0 0 0 0 0.0350877192982 0 0 0.0 1 0 1 0 0.0 0.00228 0
1 0.104060150376 0.0298214285714 1 0 0 0 0 0 0 0 0 0 1 0 0 0 0 0 0 0 0 0 1 0 0 0 0 0 0.0701754385965 0 0 0.0 1 1 0 0 0.12 0.0 0
1 0.134135338346 0.0566071428571 1 0 0 0 0 0 0 0 0 0 0 1 0 0 0 0 0 0 0 0 1 0 0 0 0 0 0.108245614035 1 1 0.089552238806 0 0 1 0 0.04 0.0 1
1 0.15037593985 0.0148214285714 1 0 0 0 0 0 0 0 0 0 1 0 0 0 0 0 0 0 0 0 1 0 0 0 0 0 0.00140350877193 0 1 0.0298507462687 0 0 1 0 0.064 6e-05 0
0 0.322105263158 0.133928571429 0 1 0 1 0 0 0 0 0 0 0 0 0 0 0 0 0 1 0 0 0 0 0 0 0 0 0.0 0 1 0.089552238806 0 0 1 0 0.0 0.002 0
0 0.276992481203 0.0521428571429 0 1 0 0 0 0 0 0 0 0 0 1 0 0 0 0 0 0 0 0 1 0 0 0 0 0 0.0380701754386 1 1 0.238805970149 0 0 1 0 0.06 0.02079 1
1 0.239398496241 0.0267857142857 1 0 0 0 0 0 0 0 0 0 1 0 0 0 0 0 0 0 0 0 1 0 0 0 0 0 0.00140350877193 0 0 0.0 0 0 1 0 0.12 0.0 0
1 0.833383458647 0.321428571429 0 1 0 1 0 0 0 0 0 0 0 0 0 0 0 0 0 1 0 0 0 0 0 0 0 0 0.140350877193 0 1 0.0149253731343 0 0 1 0 0.035 6e-05 0
1 0.427368421053 0.18 0 1 0 0 0 0 0 0 0 0 0 0 0 1 0 0 0 0 0 0 0 0 0 0 1 0 0.447368421053 1 0 0.0 1 0 1 0 0.046 0.0 1
1 0.0815037593985 0.142857142857 1 0 0 0 0 1 0 0 0 0 0 0 0 0 0 0 0 0 0 0 1 0 0 0 0 0 0.0350877192982 0 0 0.0 1 0 1 0 0.18 0.01 0
