0 0.368421052632 0.214285714286 0 1 0 0 0 0 1 0 0 0 0 0 0 0 0 0 0 0 0 0 1 0 0 0 0 0 0.0350877192982 1 0 0.0 1 0 1 0 0.0 0.0 1
1 0.142857142857 0.450892857143 0 1 0 0 0 0 0 0 0 0 1 0 0 0 0 0 0 0 0 0 1 0 0 0 0 0 0.00438596491228 0 1 0.0298507462687 0 0 1 0 0.0 0.05552 0
0 0.167969924812 0.0446428571429 0 1 0 1 0 0 0 0 0 0 0 0 0 0 0 0 0 1 0 0 0 0 0 0 0 0 0.0 1 0 0.0 0 0 1 0 0.04 0.0 0
0 0.134135338346 0.0282142857143 0 1 0 0 0 1 0 0 0 0 0 0 0 0 0 0 0 0 0 0 1 0 0 0 0 0 0.00298245614035 0 0 0.0 0 0 1 0 0.072 0.0 0
1 0.0651127819549 0.241071428571 1 0 0 0 0 0 0 0 0 1 0 0 0 0 0 0 0 0 0 0 1 0 0 0 0 0 0.00140350877193 0 0 0.0 0 0 1 0 0.07 0.0 0
1 0.18045112782 0.0178571428571 0 1 0 0 0 0 0 0 0 0 1 0 0 0 0 0 0 0 0 0 1 0 0 0 0 0 0.0512280701754 1 1 0.0746268656716 1 0 1 0 0.156 0.0 1
1 0.136541353383 0.107142857143 0 1 0 0 0 0 0 0 0 1 0 0 0 0 0 0 0 0 0 0 1 0 0 0 0 0 0.0452631578947 1 1 0.0149253731343 0 0 1 0 0.13 0.008 1
1 0.093984962406 0.394464285714 0 1 0 0 0 0 0 0 0 0 1 0 0 0 0 0 0 0 0 0 1 0 0 0 0 0 0.0701754385965 0 0 0.0 1 0 1 0 0.068 0.0 0
1 0.812030075188 0.196428571429 0 1 0 0 0 0 0 0 0 0 0 0 1 0 0 0 0 0 0 0 0 0 0 0 0 1 0.456140350877 1 1 0.0149253731343 1 0 1 0 0.0 0.0 1
1 0.61022556391 0.241071428571 0 1 0 0 0 0 0 0 0 0 1 0 0 0 0 0 0 0 0 0 0 0 0 0 1 0 0.0921052631579 1 1 0.164179104478 1 0 1 0 0.0 0.00284 1
0 0.0763909774436 0.339285714286 0 1 0 0 0 0 0 0 0 0 0 1 0 0 0 0 0 0 0 0 1 0 0 0 0 0 0.0570175438596 1 1 0.089552238806 1 0 1 0 0.02 0.006 1
0 0.15037593985 0.0253571428571 0 1 0 0 0 0 0 0 0 0 0 1 0 0 0 0 0 0 0 0 1 0 0 0 0 0 0.00877192982456 0 1 0.0149253731343 1 0 1 0 0.12 4e-05 0
0 0.244360902256 0.188928571429 0 1 0 0 0 0 0 0 0 0 0 0 1 0 0 0 0 0 1 0 0 0 0 0 0 0 0.0789473684211 1 1 0.0746268656716 1 0 1 0 0.0495 0.005 1
1 0.104060150376 0.188928571429 0 1 0 0 0 0 0 0 0 0 0 0 0 1 0 0 0 0 0 0 1 0 0 0 0 0 0.0131578947368 1 1 0.0149253731343 0 0 1 0 0.08 0.0 0
0 0.0613533834586 0.392857142857 0 1 0 0 0 0 0 0 0 0 0 0 0 0 0 0 1 0 0 0 0 0 0 0 1 0 0.0350877192982 1 1 0.164179104478 0 0 1 0 0.0 0.03 1
1 0.214285714286 0.0714285714286 0 1 0 0 0 0 1 0 0 0 0 0 0 0 0 0 0 0 0 0 0 0 0 0 1 0 0.146140350877 1 1 0.0298507462687 1 0 1 0 0.0905 0.0 1
1 0.093984962406 0.0446428571429 1 0 0 0 0 0 1 0 0 0 0 0 0 0 0 0 0 0 0 0 1 0 0 0 0 0 0.00438596491228 0 0 0.0 0 0 1 0 0.07 4e-05 0
0 0.418496240602 0.0371428571429 0 1 0 0 0 0 0 0 1 0 0 0 0 0 0 0 0 0 0 0 1 0 0 0 0 0 0.0233333333333 0 0 0.0 0 0 1 0 0.12 0.00237 0
0 0.0815037593985 0.0208928571429 1 0 0 0 0 0 0 0 1 0 0 0 0 0 0 0 0 0 0 0 1 0 0 0 0 0 0.0205263157895 1 0 0.0 1 0 1 0 0.08 0.0 0
1 0.0500751879699 0.1175 0 1 0 0 0 1 0 0 0 0 0 0 0 0 0 0 0 0 0 0 1 0 0 0 0 0 0.0117543859649 0 0 0.0 1 0 1 0 0.07 2e-05 0
1 0.211729323308 0.055 0 1 0 0 0 0 0 0 0 0 0 1 0 0 0 0 0 0 0 0 1 0 0 0 0 0 0.131578947368 1 1 0.0746268656716 1 0 1 0 0.05 3e-05 1
1 0.360902255639 0.25 0 1 0 0 0 0 0 0 0 0 0 0 0 1 0 0 0 0 0 0 0 0 0 0 1 0 0.40350877193 1 1 0.10447761194 1 0 1 0 0.15 5e-05 0
1 0.117744360902 0.0282142857143 1 0 0 0 0 0 0 0 0 0 0 0 0 0 0 1 0 0 0 0 1 0 0 0 0 0 0.0233333333333 0 0 0.0 0 0 1 0 0.08 0.0 0
1 0.147819548872 0.0164285714286 1 0 0 0 0 0 0 0 0 0 0 1 0 0 0 0 0 0 0 0 1 0 0 0 0 0 0.0921052631579 1 1 0.089552238806 1 0 1 0 0.104 0.00347 0
1 0.0763909774436 0.126428571429 1 0 0 1 0 0 0 0 0 0 0 0 0 0 0 0 0 1 0 0 0 0 0 0 0 0 0.0 0 0 0.0 1 0 1 0 0.09 1e-05 0
1 0.280751879699 0.0773214285714 1 0 0 0 0 0 1 0 0 0 0 0 0 0 0 0 0 1 0 0 0 0 0 0 0 0 0.0 0 0 0.0 0 0 1 0 0.06 0.0 0
1 0.31954887218 0.120535714286 0 1 0 0 0 0 0 0 0 0 1 0 0 0 0 0 0 0 0 0 0 0 0 0 1 0 0.290877192982 0 0 0.0 1 0 1 0 0.0 0.0 0
0 0.177894736842 0.0 0 1 0 0 0 0 0 0 0 0 1 0 0 0 0 0 0 0 0 0 1 0 0 0 0 0 0.0 0 0 0.0 0 0 0 1 0.092 0.0 1
0 0.39969924812 0.269285714286 1 0 0 0 0 0 0 0 0 0 0 0 0 1 0 0 0 0 0 0 0 0 0 0 1 0 0.280701754386 1 1 0.208955223881 0 0 1 0 0.0 0.023 1
0 0.220601503759 0.125 0 1 0 0 0 0 0 0 0 0 0 1 0 0 0 0 0 0 0 0 1 0 0 0 0 0 0.029298245614 1 0 0.0 0 1 0 0 0.14 0.0 1
0 0.137894736842 0.41375 0 1 0 0 0 0 0 0 0 0 0 0 0 0 0 1 0 0 0 0 1 0 0 0 0 0 0.00140350877193 1 0 0.0 0 0 1 0 0.04 0.01349 1
1 0.328270676692 0.0267857142857 0 1 0 0 0 0 1 0 0 0 0 0 0 0 0 0 0 0 0 0 1 0 0 0 0 0 0.0526315789474 0 0 0.0 1 0 1 0 0.1155 0.0 0
1 0.289473684211 0.0892857142857 1 0 0 0 0 0 0 0 0 0 0 1 0 0 0 0 0 0 0 0 1 0 0 0 0 0 0.245614035088 0 0 0.0 1 0 1 0 0.14 0.0 0
1 0.0864661654135 0.342321428571 0 1 0 0 0 0 0 0 1 0 0 0 0 0 0 0 0 0 0 0 1 0 0 0 0 0 0.0277192982456 0 0 0.0 0 0 1 0 0.04 0.0035 0
1 0.403458646617 0.1175 0 1 0 0 0 0 0 0 0 1 0 0 0 0 0 0 0 0 0 0 1 0 0 0 0 0 0.122807017544 0 0 0.0 1 1 0 0 0.2 0.0 0
1 0.113984962406 0.267857142857 0 1 0 0 0 0 0 0 1 0 0 0 0 0 0 0 0 0 0 0 1 0 0 0 0 0 0.049649122807 1 1 0.0149253731343 0 0 1 0 0.04 0.098 1
1 0.380902255639 0.214285714286 0 1 0 0 0 0 0 0 0 1 0 0 0 0 0 0 0 0 0 0 1 0 0 0 0 0 0.0452631578947 1 1 0.0746268656716 1 0 1 0 0.054 0.01097 1
1 0.0387969924812 0.145892857143 0 1 0 0 0 1 0 0 0 0 0 0 0 0 0 0 0 0 0 0 0 0 0 0 1 0 0.0145614035088 0 0 0.0 1 0 1 0 0.06 0.0 0
1 0.467368421053 0.25 1 0 0 0 0 0 0 0 0 0 1 0 0 0 0 0 0 0 0 0 1 0 0 0 0 0 0.0570175438596 0 0 0.0 0 0 1 0 0.08 2e-05 0
1 0.296992481203 0.0625 0 1 0 0 0 0 0 0 0 0 0 0 0 0 0 0 1 0 0 0 0 0 0 0 1 0 0.157894736842 1 1 0.0597014925373 1 0 1 0 0.1265 0.00857 1
0 0.203007518797 0.0103571428571 0 1 0 0 0 0 0 0 0 1 0 0 0 0 0 0 0 0 0 0 0 0 0 0 1 0 0.00438596491228 0 1 0.0149253731343 1 0 1 0 0.136 0.00108 0
1 0.568872180451 0.535714285714 0 1 0 0 0 0 0 0 0 0 1 0 0 0 0 0 0 0 0 0 1 0 0 0 0 0 0.298245614035 1 1 0.134328358209 0 0 1 0 0.0 0.0 1
1 0.196691729323 0.0192857142857 0 1 0 0 0 0 1 0 0 0 0 0 0 0 0 0 0 1 0 0 0 0 0 0 0 0 0.0 0 0 0.0 0 0 1 0 0.05 0.0 0
1 0.51007518797 0.0892857142857 0 1 0 0 0 0 0 0 0 1 0 0 0 0 0 0 0 0 0 0 0 1 0 0 0 0 0.0877192982456 1 1 0.179104477612 1 0 1 0 0.205 0.0251 1
1 0.162857142857 0.482142857143 1 0 0 1 0 0 0 0 0 0 0 0 0 0 0 0 0 1 0 0 0 0 0 0 0 0 0.0 0 0 0.0 0 0 1 0 0.092 0.0 0
1 0.101503759398 0.08625 0 1 0 0 0 0 0 0 0 0 1 0 0 0 0 0 0 0 0 0 1 0 0 0 0 0 0.0701754385965 1 1 0.164179104478 1 0 1 0 0.1 0.03 1
1 0.323308270677 0.589285714286 1 0 0 0 0 0 0 0 0 0 1 0 0 0 0 0 0 0 0 0 1 0 0 0 0 0 0.140350877193 1 0 0.0 0 0 1 0 0.04 0.0 0
1 0.243157894737 0.0655357142857 0 1 0 0 0 0 0 0 0 0 1 0 0 0 0 0 0 0 0 0 0 0 0 0 1 0 0.152105263158 1 0 0.0 0 0 1 0 0.13 0.002 1
1 0.437293233083 0.0446428571429 0 1 0 0 0 0 0 0 0 1 0 0 0 0 0 0 0 0 0 0 1 0 0 0 0 0 0.486842105263 0 1 0.0149253731343 1 0 1 0 0.176 0.00112 0
1 0.254436090226 0.0892857142857 0 1 0 0 0 0 0 0 0 0 0 0 0 0 0 1 0 0 0 0 0 0 0 0 1 0 0.0789473684211 0 0 0.0 1 1 0 0 0.17 0.0 0
0 0.773233082707 0.5 0 1 0 1 0 0 0 0 0 0 0 0 0 0 0 0 0 1 0 0 0 0 0 0 0 0 0.0 1 1 0.164179104478 1 0 1 0 0.0 0.014 1
1 0.135338345865 0.410714285714 0 1 0 0 0 1 0 0 0 0 0 0 0 0 0 0 0 0 0 0 1 0 0 0 0 0 0.0145614035088 0 0 0.0 0 0 1 0 0.0 0.0 0
1 0.15037593985 0.0148214285714 1 0 0 0 0 0 0 0 0 0 1 0 0 0 0 0 0 0 0 0 1 0 0 0 0 0 0.00140350877193 0 1 0.0298507462687 0 0 1 0 0.064 6e-05 0
1 0.125263157895 0.409285714286 0 1 0 0 0 0 1 0 0 0 0 0 0 0 0 0 0 0 0 0 1 0 0 0 0 0 0.0556140350877 0 0 0.0 1 0 1 0 0.05 0.01212 0
1 0.214285714286 0.107142857143 0 1 0 0 0 0 0 0 0 0 0 1 0 0 0 0 0 0 0 0 1 0 0 0 0 0 0.0263157894737 0 0 0.0 1 0 1 0 0.15 0.00067 0
1 0.736842105263 0.25 0 1 0 0 0 0 0 0 0 0 0 0 1 0 0 0 0 0 0 0 0 0 0 0 0 1 0.0 0 0 0.0 0 0 1 0 0.0 0.00012 0
0 0.127819548872 0.0446428571429 1 0 0 1 0 0 0 0 0 0 0 0 0 0 0 0 0 1 0 0 0 0 0 0 0 0 0.114035087719 0 0 0.0 0 0 1 0 0.14 0.0 0
1 0.357142857143 0.0401785714286 1 0 0 0 1 0 0 0 0 0 0 0 0 0 0 0 0 0 0 0 1 0 0 0 0 0 0.0526315789474 0 0 0.0 1 0 1 0 0.2155 0.0 1
1 0.126616541353 0.0208928571429 1 0 0 1 0 0 0 0 0 0 0 0 0 0 0 0 0 1 0 0 0 0 0 0 0 0 0.0 0 0 0.0 0 0 1 0 0.05 0.0 0
1 0.776992481203 0.392857142857 0 1 0 0 0 0 0 0 0 0 0 0 1 0 0 0 0 0 0 0 0 0 0 0 0 1 0.701754385965 1 1 0.10447761194 1 0 1 0 0.011 0.0 1
1 0.382255639098 0.0610714285714 0 1 0 0 0 0 0 0 0 0 0 0 0 0 0 0 1 0 0 0 1 0 0 0 0 0 0.00438596491228 1 1 0.0746268656716 1 0 1 0 0.24 0.0 1
0 0.116541353383 0.214285714286 0 1 0 0 0 0 0 0 1 0 0 0 0 0 0 0 0 0 0 0 1 0 0 0 0 0 0.0877192982456 1 1 0.044776119403 0 0 1 0 0.04 0.00918 1
1 0.211729323308 0.0535714285714 0 1 0 0 0 0 0 0 0 0 0 1 0 0 0 0 0 0 0 0 1 0 0 0 0 0 0.0789473684211 0 1 0.0149253731343 1 0 1 0 0.05 3e-05 0
1 0.644060150376 0.660714285714 0 1 0 0 1 0 0 0 0 0 0 0 0 0 0 0 0 0 0 0 0 1 0 0 0 0 0.526315789474 1 1 0.253731343284 1 0 1 0 0.0 0.0 1
0 0.316992481203 0.0446428571429 1 0 0 0 0 1 0 0 0 0 0 0 0 0 0 0 0 0 0 0 0 0 0 0 1 0 0.0175438596491 0 0 0.0 1 0 1 0 0.08 0.0 0
1 0.52 0.428571428571 0 1 0 0 0 0 0 0 0 1 0 0 0 0 0 0 0 0 0 0 1 0 0 0 0 0 0.561403508772 1 0 0.0 0 1 0 0 0.055 0.0 1
1 0.265714285714 0.553571428571 0 1 0 0 0 0 0 0 0 0 1 0 0 0 0 0 0 0 0 0 1 0 0 0 0 0 0.0175438596491 1 0 0.0 0 0 1 0 0.06 0.0 0
1 0.246917293233 0.0178571428571 0 1 0 0 0 0 0 0 0 0 1 0 0 0 0 0 0 0 0 0 1 0 0 0 0 0 0.0614035087719 1 1 0.164179104478 0 0 1 0 0.016 0.0054 1
0 0.224360902256 0.0371428571429 0 1 0 0 0 0 0 0 0 0 1 0 0 0 0 0 0 0 0 0 1 0 0 0 0 0 0.0877192982456 1 1 0.0746268656716 1 0 1 0 0.15 0.0143 1
0 0.159097744361 0.0892857142857 1 0 0 0 0 1 0 0 0 0 0 0 0 0 0 0 0 0 0 0 0 1 0 0 0 0 0.157894736842 0 0 0.0 0 0 1 0 0.1 0.00456 0
1 0.279398496241 0.125 0 1 0 0 0 0 1 0 0 0 0 0 0 0 0 0 0 0 0 0 1 0 0 0 0 0 0.0175438596491 0 0 0.0 1 0 1 0 0.116 0.0 0
1 0.225563909774 0.0416071428571 0 1 0 0 0 0 1 0 0 0 0 0 0 0 0 0 0 0 0 0 1 0 0 0 0 0 0.0175438596491 1 0 0.0 0 1 0 0 0.14 0.0 0
1 0.233082706767 0.528214285714 0 1 0 0 0 0 0 0 1 0 0 0 0 0 0 0 0 0 0 0 1 0 0 0 0 0 0.176842105263 1 1 0.0746268656716 1 0 1 0 0.084 0.0 1
1 0.181654135338 0.458392857143 0 1 0 0 0 0 0 0 0 0 0 0 0 0 0 1 0 0 0 0 1 0 0 0 0 0 0.0175438596491 0 0 0.0 0 0 1 0 0.0 2e-05 0
1 0.358345864662 0.0 0 1 0 0 0 0 0 0 0 0 1 0 0 0 0 0 0 0 0 0 1 0 0 0 0 0 0.0 0 0 0.0 0 0 0 1 0.092 0.0 1
1 0.0651127819549 0.196428571429 0 1 0 0 0 0 1 0 0 0 0 0 0 0 0 0 0 0 0 0 1 0 0 0 0 0 0.0175438596491 1 0 0.0 0 0 1 0 0.04 0.0 1
0 0.035037593985 0.0119642857143 0 1 0 1 0 0 0 0 0 0 0 0 0 0 0 0 0 1 0 0 0 0 0 0 0 0 0.0 0 1 0.0149253731343 0 0 1 0 0.08 0.00126 0
1 0.10030075188 0.25 0 1 0 0 0 0 0 0 0 0 1 0 0 0 0 0 0 0 0 0 1 0 0 0 0 0 0.0570175438596 1 1 0.044776119403 0 0 1 0 0.1 0.01391 1
1 0.416090225564 0.178571428571 0 1 0 0 0 0 0 0 0 0 0 0 0 1 0 0 0 0 0 0 0 0 0 0 1 0 0.175438596491 1 1 0.089552238806 1 0 1 0 0.235 0.0 1
0 0.651578947368 0.0119642857143 0 1 0 0 0 1 0 0 0 0 0 0 0 0 0 0 0 0 0 0 0 1 0 0 0 0 0.0350877192982 1 0 0.0 1 0 1 0 0.126 0.02197 0
1 0.947368421053 0.796071428571 0 1 0 0 0 0 0 0 0 0 0 0 1 0 0 0 0 0 0 0 0 0 0 0 0 1 0.447368421053 1 1 0.0149253731343 1 0 1 0 0.0 0.00109 1
1 0.308270676692 0.0625 0 1 0 0 0 0 0 0 0 0 0 1 0 0 0 0 0 0 0 0 0 1 0 0 0 0 0.00877192982456 1 0 0.0 1 0 1 0 0.0815 0.0 0
1 0.398496240602 0.767857142857 0 1 0 0 0 0 0 0 0 0 0 0 1 0 0 0 0 0 0 0 0 0 0 0 0 1 0.701754385965 1 1 0.164179104478 0 0 1 0 0.0 0.012 1
1 0.142857142857 0.142857142857 0 1 0 0 0 0 0 0 0 0 1 0 0 0 0 0 0 0 0 0 0 1 0 0 0 0 0.00877192982456 1 0 0.0 1 0 1 0 0.08 0.0 1
0 0.825864661654 0.535714285714 0 1 0 0 0 0 0 0 0 0 0 0 1 0 0 0 0 0 0 0 0 0 0 0 0 1 0.0 1 1 0.208955223881 0 0 1 0 0.0 0.03376 1
1 0.0965413533835 0.330357142857 0 1 0 0 0 0 0 0 0 0 1 0 0 0 0 0 0 0 0 0 1 0 0 0 0 0 0.0584210526316 1 1 0.044776119403 1 0 1 0 0.02 0.00028 1
1 0.0977443609023 0.355714285714 0 1 0 0 0 0 0 0 0 0 0 0 1 0 0 0 0 0 1 0 0 0 0 0 0 0 0.0 1 0 0.0 0 0 1 0 0.0 0.0 1
0 0.53007518797 0.0535714285714 0 1 0 0 0 0 0 1 0 0 0 0 0 0 0 0 0 0 0 1 0 0 0 0 0 0 0.0 1 0 0.0 1 0 1 0 0.05 0.00027 0
1 0.382255639098 0.0892857142857 1 0 0 0 0 1 0 0 0 0 0 0 0 0 0 0 0 0 0 0 0 0 0 0 1 0 0.350877192982 0 0 0.0 1 1 0 0 0.1 0.0 0
1 0.292030075188 0.0357142857143 0 1 0 0 0 0 0 0 0 0 0 0 0 0 0 0 1 0 0 0 1 0 0 0 0 0 0.0263157894737 1 1 0.10447761194 1 0 1 0 0.17 0.04071 1
0 0.0589473684211 0.0 1 0 0 0 0 0 0 1 0 0 0 0 0 0 0 0 0 1 0 0 0 0 0 0 0 0 0.0 0 0 0.0 0 0 1 0 0.043 0.0 0
1 0.373383458647 0.119107142857 0 1 0 0 0 0 0 0 0 0 0 1 0 0 0 0 0 0 0 0 1 0 0 0 0 0 0.140350877193 1 1 0.208955223881 0 0 1 0 0.1915 0.01344 1
1 0.382255639098 0.0580357142857 0 1 0 0 0 0 0 0 0 0 1 0 0 0 0 0 0 0 0 0 1 0 0 0 0 0 0.0526315789474 1 1 0.149253731343 0 0 1 0 0.093 0.047 1
1 0.284511278195 0.321428571429 1 0 0 0 0 0 0 0 0 0 0 1 0 0 0 0 0 0 0 0 0 0 0 0 1 0 0.184210526316 1 0 0.0 1 0 1 0 0.077 0.0 1
1 0.0876691729323 0.0208928571429 0 1 0 1 0 0 0 0 0 0 0 0 0 0 0 0 0 1 0 0 0 0 0 0 0 0 0.0 0 1 0.044776119403 0 0 1 0 0.175 0.00769 0
1 0.572631578947 0.107142857143 1 0 0 1 0 0 0 0 0 0 0 0 0 0 0 0 0 1 0 0 0 0 0 0 0 0 0.0526315789474 0 0 0.0 0 0 1 0 0.09 4e-05 0
1 0.171729323308 0.214285714286 0 1 0 0 0 0 0 0 0 0 1 0 0 0 0 0 0 0 0 0 1 0 0 0 0 0 0.0350877192982 1 1 0.044776119403 0 0 1 0 0.0 0.0 1
1 0.286917293233 0.0892857142857 0 1 0 0 0 0 0 0 0 0 0 0 0 0 0 1 0 0 0 0 0 0 0 0 1 0 0.0964912280702 1 1 0.089552238806 0 0 1 0 0.08 0.02072 1
1 0.370977443609 0.0251785714286 0 1 0 0 0 0 0 0 0 0 1 0 0 0 0 0 0 0 0 0 1 0 0 0 0 0 0.0131578947368 0 1 0.0298507462687 0 0 1 0 0.1125 0.005 0
1 0.179248120301 0.0789285714286 1 0 0 0 0 0 0 0 1 0 0 0 0 0 0 0 0 0 0 0 1 0 0 0 0 0 0.140350877193 1 0 0.0 0 0 1 0 0.094 0.0 0
1 0.132781954887 0.358571428571 0 1 0 0 0 0 0 0 0 0 0 0 0 0 0 0 1 0 0 0 1 0 0 0 0 0 0.00140350877193 1 1 0.134328358209 0 0 1 0 0.03 0.00396 1
1 0.322105263158 0.0892857142857 0 1 0 0 0 0 1 0 0 0 0 0 0 0 0 0 0 0 0 0 1 0 0 0 0 0 0.157894736842 1 1 0.10447761194 0 0 1 0 0.075 0.0127 1
1 0.186766917293 0.0298214285714 0 1 0 0 0 0 0 0 0 0 0 0 0 0 0 1 0 0 0 0 1 0 0 0 0 0 0.0408771929825 0 0 0.0 0 0 1 0 0.05 0.0 0
0 0.278195488722 0.0535714285714 0 1 0 0 0 0 0 0 0 0 1 0 0 0 0 0 0 0 0 0 1 0 0 0 0 0 0.00877192982456 0 0 0.0 1 0 1 0 0.186 0.00122 0
1 0.566466165414 0.00142857142857 0 1 0 0 0 0 0 0 0 0 0 0 0 0 0 0 1 0 0 0 0 0 0 0 1 0 0.00140350877193 1 0 0.0 0 0 1 0 0.0 0.03 1
1 0.135338345865 0.392857142857 0 1 0 0 0 0 0 0 0 0 0 0 0 1 0 0 0 0 0 0 1 0 0 0 0 0 0.0877192982456 1 1 0.10447761194 1 0 1 0 0.05 0.00809 1
1 0.267969924812 0.178571428571 1 0 0 0 0 0 0 0 1 0 0 0 0 0 0 0 0 0 0 0 1 0 0 0 0 0 0.298245614035 1 0 0.0 0 0 1 0 0.0 0.0 0
0 0.0902255639098 0.0267857142857 0 1 0 0 0 0 0 0 0 0 1 0 0 0 0 0 0 0 0 0 1 0 0 0 0 0 0.0278947368421 1 1 0.0746268656716 1 0 1 0 0.07 5e-05 0
1 0.378496240602 0.0625 0 1 0 0 0 0 1 0 0 0 0 0 0 0 0 0 0 0 0 0 1 0 0 0 0 0 0.0175438596491 0 0 0.0 1 0 1 0 0.15 2e-05 0
1 0.239398496241 0.0505357142857 0 1 0 0 0 0 0 0 0 0 0 1 0 0 0 0 0 0 0 0 0 0 0 0 1 0 0.0263157894737 1 1 0.0149253731343 0 0 1 0 0.12 0.001 1
1 0.696691729323 0.517857142857 0 1 0 1 0 0 0 0 0 0 0 0 0 0 0 0 0 1 0 0 0 0 0 0 0 0 0.631578947368 1 1 0.223880597015 1 0 1 0 0.0 0.01 1
1 0.458646616541 0.0178571428571 0 1 0 0 0 0 0 0 0 1 0 0 0 0 0 0 0 0 0 0 1 0 0 0 0 0 0.377192982456 1 0 0.0 0 1 0 0 0.2 0.0 0
0 0.380902255639 0.142857142857 0 1 0 0 0 0 0 0 0 0 1 0 0 0 0 0 0 0 0 0 1 0 0 0 0 0 0.105263157895 0 0 0.0 0 0 1 0 0.24 0.0 0
1 0.285714285714 0.0535714285714 0 1 0 0 0 0 0 0 0 0 0 0 0 0 0 1 0 0 0 0 0 0 0 0 1 0 0.19298245614 1 1 0.044776119403 1 0 1 0 0.0 0.0 1
1 0.288270676692 0.0892857142857 0 1 0 0 0 0 0 0 1 0 0 0 0 0 0 0 0 0 0 0 1 0 0 0 0 0 0.0614035087719 0 1 0.0298507462687 1 0 1 0 0.36 0.0 0
0 0.345864661654 0.168214285714 0 1 0 1 0 0 0 0 0 0 0 0 0 0 0 0 0 1 0 0 0 0 0 0 0 0 0.0 0 0 0.0 0 0 1 0 0.08 0.0 0
1 0.0500751879699 0.00892857142857 0 1 0 0 0 0 0 0 0 0 0 0 0 1 0 0 0 0 0 0 1 0 0 0 0 0 0.0117543859649 0 1 0.0597014925373 0 0 1 0 0.08 8e-05 0
1 0.274436090226 0.0625 1 0 0 0 0 0 0 0 0 0 0 0 1 0 0 0 0 0 0 0 0 0 0 0 1 0 0.00140350877193 1 0 0.0 1 0 1 0 0.1965 0.0 1
1 0.238045112782 0.160714285714 0 1 0 0 0 0 0 0 0 0 0 1 0 0 0 0 0 0 0 0 1 0 0 0 0 0 0.263157894737 1 1 0.0298507462687 1 0 1 0 0.165 0.0 1
1 0.093984962406 0.25 0 1 0 0 0 0 0 0 0 0 1 0 0 0 0 0 0 0 0 0 1 0 0 0 0 0 0.0175438596491 0 0 0.0 0 0 1 0 0.0 0.0 0
1 0.354586466165 0.232142857143 0 1 0 0 0 0 0 0 0 1 0 0 0 0 0 0 0 0 0 0 0 0 0 0 1 0 0.149122807018 1 1 0.179104477612 1 0 1 0 0.0465 0.0 1
1 0.131578947368 0.00446428571429 1 0 0 0 0 0 1 0 0 0 0 0 0 0 0 0 0 0 0 0 1 0 0 0 0 0 0.00438596491228 0 0 0.0 0 0 1 0 0.1 0.0007 0
0 0.334586466165 0.0357142857143 0 1 0 0 0 0 0 0 0 0 1 0 0 0 0 0 0 0 0 0 1 0 0 0 0 0 0.0701754385965 1 1 0.164179104478 0 0 1 0 0.0 0.00456 1
1 0.175488721805 0.0192857142857 0 1 0 0 0 0 0 0 0 0 0 1 0 0 0 0 0 0 0 0 1 0 0 0 0 0 0.00578947368421 0 1 0.0149253731343 0 0 1 0 0.136 0.00444 0
1 0.31954887218 0.0892857142857 0 1 0 0 0 1 0 0 0 0 0 0 0 0 0 0 0 0 0 0 1 0 0 0 0 0 0.0350877192982 0 0 0.0 1 0 1 0 0.105 0.0 0
1 0.687969924812 0.0982142857143 0 1 0 0 0 0 0 0 0 0 0 1 0 0 0 0 0 0 0 0 1 0 0 0 0 0 0.0614035087719 1 1 0.0746268656716 1 0 1 0 0.03 0.00058 1
0 0.221804511278 0.108571428571 1 0 0 0 0 0 0 0 0 0 0 0 0 0 0 0 1 0 0 0 0 0 0 0 1 0 0.0891228070175 1 1 0.0149253731343 0 0 1 0 0.035 0.0 1
1 0.436090225564 0.145892857143 0 1 0 0 0 0 0 0 1 0 0 0 0 0 0 0 0 0 0 0 1 0 0 0 0 0 0.00140350877193 0 0 0.0 0 0 1 0 0.054 0.001 0
1 0.125263157895 0.0833928571429 0 1 0 0 0 0 1 0 0 0 0 0 0 0 0 0 0 0 0 0 1 0 0 0 0 0 0.0263157894737 0 0 0.0 0 0 1 0 0.09 0.0 0
1 0.383458646617 0.339285714286 0 1 0 0 0 0 0 0 0 1 0 0 0 0 0 0 0 0 0 0 1 0 0 0 0 0 0.228070175439 1 1 0.208955223881 0 0 1 0 0.12 0.04607 1
0 0.089022556391 0.0075 0 1 0 0 0 0 0 0 0 0 0 0 0 1 0 0 0 0 0 0 0 0 0 0 1 0 0.0101754385965 1 1 0.164179104478 0 0 1 0 0.04 0.00099 1
0 0.104060150376 0.0655357142857 0 1 0 0 0 0 0 0 0 0 0 0 0 1 0 0 0 0 0 0 1 0 0 0 0 0 0.0731578947368 1 1 0.0746268656716 0 0 1 0 0.11 0.02503 1
1 0.259398496241 0.0744642857143 0 1 0 0 0 0 0 0 0 0 1 0 0 0 0 0 0 0 0 0 1 0 0 0 0 0 0.00298245614035 0 0 0.0 0 0 1 0 0.15 0.0 0
1 0.239398496241 0.0267857142857 1 0 0 0 0 0 0 0 0 0 1 0 0 0 0 0 0 0 0 0 1 0 0 0 0 0 0.00140350877193 0 0 0.0 0 0 1 0 0.12 0.0 0
1 0.264360902256 0.696428571429 0 1 0 0 0 0 0 0 0 0 1 0 0 0 0 0 0 0 0 0 1 0 0 0 0 0 0.245614035088 1 1 0.238805970149 0 0 1 0 0.0 0.05 1
1 0.219248120301 0.178571428571 0 1 0 0 0 0 0 0 0 0 0 1 0 0 0 0 0 0 0 0 1 0 0 0 0 0 0.385964912281 1 0 0.0 1 0 1 0 0.035 0.0 1
1 0.318345864662 0.178571428571 0 1 0 0 0 0 0 0 0 0 0 0 0 0 0 0 1 0 0 0 0 0 0 0 1 0 0.263157894737 1 1 0.089552238806 1 0 1 0 0.0 0.01 1
1 0.423609022556 0.015 0 1 0 0 0 0 0 0 0 0 1 0 0 0 0 0 0 0 0 0 0 0 0 0 1 0 0.00736842105263 1 1 0.089552238806 0 0 1 0 0.11 0.00948 1
0 0.345864661654 0.183035714286 0 1 0 0 0 0 0 0 0 0 0 0 1 0 0 0 0 0 0 0 1 0 0 0 0 0 0.175438596491 1 0 0.0 1 0 1 0 0.0 0.04 1
0 0.0300751879699 0.0133928571429 0 1 0 0 0 0 0 0 0 0 1 0 0 0 0 0 0 0 0 0 1 0 0 0 0 0 0.0350877192982 0 0 0.0 0 0 1 0 0.06 0.00018 0
1 0.502556390977 0.208392857143 0 1 0 0 0 0 0 0 0 0 0 1 0 0 0 0 0 0 0 0 1 0 0 0 0 0 0.19298245614 0 0 0.0 0 0 1 0 0.2325 0.0015 0
1 1.0 0.196428571429 0 1 0 0 0 0 0 0 0 0 1 0 0 0 0 0 0 0 0 0 1 0 0 0 0 0 0.0189473684211 1 0 0.0 0 0 1 0 0.0 0.0034 0
0 0.0338345864662 0.00589285714286 0 1 0 0 0 0 0 0 1 0 0 0 0 0 0 0 0 0 0 0 1 0 0 0 0 0 0.0350877192982 0 1 0.0298507462687 1 0 1 0 0.16 1e-05 0
1 0.203007518797 0.0566071428571 0 1 0 0 0 0 0 0 0 0 0 0 0 0 0 1 0 0 0 0 0 0 0 0 1 0 0.0643859649123 1 1 0.179104477612 1 0 1 0 0.2915 0.00713 1
1 0.146616541353 0.0982142857143 0 1 0 1 0 0 0 0 0 0 0 0 0 0 0 0 0 1 0 0 0 0 0 0 0 0 0.157894736842 0 0 0.0 0 0 1 0 0.08 0.00025 0
1 0.280751879699 0.107142857143 0 1 0 0 1 0 0 0 0 0 0 0 0 0 0 0 0 0 0 0 1 0 0 0 0 0 0.00578947368421 0 0 0.0 1 0 1 0 0.06 0.0 0
1 0.179248120301 0.0103571428571 1 0 0 0 0 0 0 0 0 0 1 0 0 0 0 0 0 0 0 0 1 0 0 0 0 0 0.0526315789474 0 0 0.0 1 0 1 0 0.08 0.0 0
0 0.573984962406 0.232142857143 0 1 0 0 0 1 0 0 0 0 0 0 0 0 0 0 0 0 0 0 0 1 0 0 0 0 0.108245614035 0 0 0.0 1 0 1 0 0.0365 0.0 0
1 0.207969924812 0.116071428571 1 0 0 0 0 0 0 0 0 0 0 0 0 1 0 0 0 0 0 0 0 0 0 0 1 0 0.178421052632 0 1 0.0298507462687 1 0 1 0 0.1845 1e-05 0
0 0.251879699248 0.232142857143 0 1 0 0 0 0 0 0 0 0 1 0 0 0 0 0 0 0 0 0 0 1 0 0 0 0 0.140350877193 1 1 0.10447761194 1 0 1 0 0.0 0.03065 1
0 0.0815037593985 0.306607142857 0 1 0 0 0 0 0 0 0 0 0 0 0 0 0 1 0 0 0 0 0 0 0 0 1 0 0.0263157894737 1 1 0.10447761194 0 0 1 0 0.048 0.0 1
0 0.651578947368 0.696428571429 0 1 0 0 0 0 0 0 0 0 1 0 0 0 0 0 0 0 0 0 1 0 0 0 0 0 0.19298245614 1 1 0.10447761194 0 0 1 0 0.0 0.03 1
0 0.322105263158 0.133928571429 0 1 0 1 0 0 0 0 0 0 0 0 0 0 0 0 0 1 0 0 0 0 0 0 0 0 0.0 0 1 0.089552238806 0 0 1 0 0.0 0.002 0
0 0.134135338346 0.0119642857143 0 1 0 0 0 0 0 0 0 0 0 0 0 1 0 0 0 0 0 0 1 0 0 0 0 0 0.0263157894737 0 0 0.0 0 1 0 0 0.08 0.0 0
0 0.17037593985 0.0907142857143 1 0 0 0 0 0 0 0 1 0 0 0 0 0 0 0 0 0 0 0 1 0 0 0 0 0 0.00877192982456 1 0 0.0 1 0 1 0 0.185 0.0 1
0 0.270676691729 0.107142857143 1 0 0 0 0 0 0 1 0 0 0 0 0 0 0 0 0 0 0 1 0 0 0 0 0 0 0.0 0 0 0.0 0 0 1 0 0.08 0.0002 0
0 0.207969924812 0.107142857143 0 1 0 0 0 0 0 0 0 1 0 0 0 0 0 0 0 0 0 0 1 0 0 0 0 0 0.0978947368421 0 1 0.0149253731343 1 0 1 0 0.14 0.0001 0
1 0.0 0.142857142857 1 0 0 0 0 0 0 0 0 0 0 1 0 0 0 0 0 0 0 0 1 0 0 0 0 0 0.0614035087719 1 1 0.0298507462687 1 0 1 0 0.06 0.01 1
1 0.14030075188 0.0892857142857 0 1 0 1 0 0 0 0 0 0 0 0 0 0 0 0 0 1 0 0 0 0 0 0 0 0 0.00298245614035 0 0 0.0 1 0 1 0 0.05 0.04208 0
1 0.109022556391 0.171071428571 1 0 0 0 0 0 0 0 0 0 0 1 0 0 0 0 0 0 0 0 1 0 0 0 0 0 0.0789473684211 1 1 0.0149253731343 1 0 1 0 0.04 0.003 1
1 0.211729323308 0.0357142857143 1 0 0 0 1 0 0 0 0 0 0 0 0 0 0 0 0 0 0 0 0 0 0 0 1 0 0.105263157895 0 0 0.0 0 0 1 0 0.088 0.00537 0
1 0.255639097744 0.0566071428571 0 1 0 0 1 0 0 0 0 0 0 0 0 0 0 0 0 0 0 0 1 0 0 0 0 0 0.0205263157895 0 0 0.0 1 1 0 0 0.0 0.0 0
0 0.146616541353 0.0535714285714 0 1 0 0 0 0 0 0 0 0 0 1 0 0 0 0 0 0 0 0 1 0 0 0 0 0 0.030701754386 0 0 0.0 1 0 1 0 0.08 0.0 0
1 0.387218045113 0.0580357142857 0 1 0 0 0 0 0 0 0 0 1 0 0 0 0 0 0 0 0 0 1 0 0 0 0 0 0.0526315789474 0 0 0.0 0 0 1 0 0.0 0.00316 0
1 0.186766917293 0.446428571429 1 0 0 0 0 0 1 0 0 0 0 0 0 0 0 0 0 0 0 0 0 0 0 0 1 0 0.0438596491228 0 0 0.0 1 0 1 0 0.0 0.00017 0
1 0.538796992481 0.678571428571 0 1 0 1 0 0 0 0 0 0 0 0 0 0 0 0 0 1 0 0 0 0 0 0 0 0 0.0 1 1 0.0149253731343 0 0 1 0 0.047 0.0 0
0 0.582706766917 0.25 0 1 0 0 0 0 0 0 1 0 0 0 0 0 0 0 0 0 0 0 0 0 0 0 1 0 0.105263157895 0 0 0.0 0 0 1 0 0.0 0.0 0
0 0.134135338346 0.25 0 1 0 0 0 0 0 0 0 0 1 0 0 0 0 0 0 0 0 0 1 0 0 0 0 0 0.00578947368421 0 0 0.0 0 0 1 0 0.08 0.0 0
1 0.292030075188 0.108571428571 1 0 0 0 0 0 0 0 0 0 1 0 0 0 0 0 0 0 0 0 0 0 0 0 1 0 0.0715789473684 1 1 0.0149253731343 1 0 1 0 0.09 0.18027 1
1 0.635338345865 0.446428571429 0 1 0 0 0 0 1 0 0 0 0 0 0 0 0 0 0 0 0 0 0 0 0 0 1 0 0.280701754386 1 0 0.0 1 0 1 0 0.012 0.02028 1
1 0.337142857143 0.015 1 0 0 0 0 0 0 0 0 0 0 1 0 0 0 0 0 0 0 0 1 0 0 0 0 0 0.0101754385965 0 0 0.0 1 0 1 0 0.1545 2e-05 0
1 0.122857142857 0.0178571428571 0 1 0 0 0 0 0 0 0 0 1 0 0 0 0 0 0 0 0 0 1 0 0 0 0 0 0.00438596491228 0 0 0.0 0 0 1 0 0.18 0.0 0
