1 0.61022556391 0.241071428571 0 1 0 0 0 0 0 0 0 0 1 0 0 0 0 0 0 0 0 0 0 0 0 0 1 0 0.0921052631579 1 1 0.164179104478 1 0 1 0 0.0 0.00284 1
1 0.0639097744361 0.00589285714286 0 1 0 0 0 0 0 0 0 0 0 0 0 1 0 0 0 0 0 0 0 0 0 1 0 0 0.00736842105263 0 0 0.0 0 0 1 0 0.1 0.0004 1
0 0.0726315789474 0.357142857143 0 1 0 0 1 0 0 0 0 0 0 0 0 0 0 0 0 0 0 0 1 0 0 0 0 0 0.0145614035088 0 0 0.0 0 0 1 0 0.04 0.00042 0
1 0.169172932331 0.428571428571 0 1 0 0 0 0 1 0 0 0 0 0 0 0 0 0 0 0 0 0 1 0 0 0 0 0 0.0789473684211 1 1 0.0298507462687 1 0 1 0 0.06 5e-05 0
0 0.360902255639 0.196428571429 0 1 0 0 0 0 0 0 0 0 0 0 0 1 0 0 0 0 0 0 1 0 0 0 0 0 0.00438596491228 1 0 0.0 1 0 1 0 0.114 0.0 1
1 0.209323308271 0.0714285714286 0 1 0 0 0 0 0 0 0 0 0 0 0 0 0 0 1 0 0 0 0 0 0 0 1 0 0.0350877192982 1 1 0.0597014925373 0 0 1 0 0.07 0.07544 1
0 0.414736842105 0.0357142857143 0 1 0 0 0 1 0 0 0 0 0 0 0 0 0 0 0 0 0 0 0 1 0 0 0 0 0.0789473684211 1 0 0.0 1 0 1 0 0.0 0.003 1
1 0.635338345865 0.446428571429 0 1 0 0 0 0 1 0 0 0 0 0 0 0 0 0 0 0 0 0 0 0 0 0 1 0 0.280701754386 1 0 0.0 1 0 1 0 0.012 0.02028 1
1 0.0375939849624 0.0298214285714 0 1 0 0 0 0 0 0 0 1 0 0 0 0 0 0 0 0 0 0 1 0 0 0 0 0 0.00298245614035 1 0 0.0 0 1 0 0 0.1 0.0 0
1 0.382255639098 0.0892857142857 1 0 0 0 0 1 0 0 0 0 0 0 0 0 0 0 0 0 0 0 0 0 0 0 1 0 0.350877192982 0 0 0.0 1 1 0 0 0.1 0.0 0
1 0.104060150376 0.188928571429 0 1 0 0 0 0 0 0 0 0 0 0 0 1 0 0 0 0 0 0 1 0 0 0 0 0 0.0131578947368 1 1 0.0149253731343 0 0 1 0 0.08 0.0 0
1 0.296992481203 0.0625 0 1 0 0 0 0 0 0 0 0 0 0 0 0 0 0 1 0 0 0 0 0 0 0 1 0 0.157894736842 1 1 0.0597014925373 1 0 1 0 0.1265 0.00857 1
1 0.0 0.142857142857 1 0 0 0 0 0 0 0 0 0 0 1 0 0 0 0 0 0 0 0 1 0 0 0 0 0 0.0614035087719 1 1 0.0298507462687 1 0 1 0 0.06 0.01 1
1 0.271879699248 0.00142857142857 1 0 0 0 0 0 0 0 0 1 0 0 0 0 0 0 0 0 0 0 1 0 0 0 0 0 0.00140350877193 0 0 0.0 0 0 1 0 0.0 0.0 0
1 0.109022556391 0.171071428571 1 0 0 0 0 0 0 0 0 0 0 1 0 0 0 0 0 0 0 0 1 0 0 0 0 0 0.0789473684211 1 1 0.0149253731343 1 0 1 0 0.04 0.003 1
1 0.113984962406 0.267857142857 0 1 0 0 0 0 0 0 1 0 0 0 0 0 0 0 0 0 0 0 1 0 0 0 0 0 0.049649122807 1 1 0.0149253731343 0 0 1 0 0.04 0.098 1
1 0.0726315789474 0.3675 0 1 0 1 0 0 0 0 0 0 0 0 0 0 0 0 0 1 0 0 0 0 0 0 0 0 0.0145614035088 0 0 0.0 0 0 1 0 0.04 0.0 0
1 0.288270676692 0.0892857142857 0 1 0 0 0 0 0 0 1 0 0 0 0 0 0 0 0 0 0 0 1 0 0 0 0 0 0.0614035087719 0 1 0.0298507462687 1 0 1 0 0.36 0.0 0
1 0.31954887218 0.120535714286 0 1 0 0 0 0 0 0 0 0 1 0 0 0 0 0 0 0 0 0 0 0 0 0 1 0 0.290877192982 0 0 0.0 1 0 1 0 0.0 0.0 0
1 0.0651127819549 0.241071428571 1 0 0 0 0 0 0 0 0 1 0 0 0 0 0 0 0 0 0 0 1 0 0 0 0 0 0.00140350877193 0 0 0.0 0 0 1 0 0.07 0.0 0
1 0.634135338346 0.410714285714 0 1 0 1 0 0 0 0 0 0 0 0 0 0 0 0 0 1 0 0 0 0 0 0 0 0 0.175438596491 1 1 0.0746268656716 0 0 1 0 0.0 0.08851 1
1 0.368421052632 0.361607142857 1 0 0 0 0 0 1 0 0 0 0 0 0 0 0 0 0 0 0 0 1 0 0 0 0 0 0.00438596491228 0 0 0.0 0 0 1 0 0.08 0.0 0
1 0.179248120301 0.446428571429 0 1 0 0 0 0 0 0 0 0 0 0 0 0 0 1 0 0 0 0 1 0 0 0 0 0 0.0424561403509 1 1 1.0 1 0 1 0 0.07 0.00258 1
1 0.512481203008 0.14875 0 1 0 0 0 0 0 0 0 0 0 0 0 0 0 0 1 0 0 0 0 1 0 0 0 0 0.00298245614035 0 0 0.0 1 0 1 0 0.26 0.0 0
1 0.373383458647 0.119107142857 0 1 0 0 0 0 0 0 0 0 0 1 0 0 0 0 0 0 0 0 1 0 0 0 0 0 0.140350877193 1 1 0.208955223881 0 0 1 0 0.1915 0.01344 1
0 0.0676691729323 0.357142857143 0 1 0 0 0 0 0 0 0 0 0 1 0 0 0 0 0 0 0 0 1 0 0 0 0 0 0.0350877192982 0 1 0.0149253731343 0 0 1 0 0.06 1e-05 0
1 0.0965413533835 0.200892857143 0 1 0 0 0 0 0 0 0 0 0 1 0 0 0 0 0 0 0 0 1 0 0 0 0 0 0.06 1 0 0.0 0 1 0 0 0.06 0.0 1
0 0.651578947368 0.696428571429 0 1 0 0 0 0 0 0 0 0 1 0 0 0 0 0 0 0 0 0 1 0 0 0 0 0 0.19298245614 1 1 0.10447761194 0 0 1 0 0.0 0.03 1
1 0.312030075188 0.144285714286 1 0 0 0 0 1 0 0 0 0 0 0 0 0 0 0 0 0 0 0 0 1 0 0 0 0 0.298245614035 1 1 0.10447761194 1 0 1 0 0.0975 0.0 1
1 0.135338345865 0.410714285714 0 1 0 0 0 1 0 0 0 0 0 0 0 0 0 0 0 0 0 0 1 0 0 0 0 0 0.0145614035088 0 0 0.0 0 0 1 0 0.0 0.0 0
1 0.139097744361 0.0267857142857 0 1 0 0 0 0 0 0 0 1 0 0 0 0 0 0 0 0 0 0 1 0 0 0 0 0 0.0175438596491 0 0 0.0 1 1 0 0 0.16 0.0 0
1 0.183007518797 0.03125 0 1 0 0 0 0 1 0 0 0 0 0 0 0 0 0 0 0 0 0 1 0 0 0 0 0 0.0131578947368 0 1 0.0298507462687 1 0 1 0 0.087 3e-05 0
0 0.106466165414 0.303571428571 0 1 0 0 0 0 0 0 0 0 1 0 0 0 0 0 0 0 0 0 1 0 0 0 0 0 0.00578947368421 0 0 0.0 0 0 1 0 0.0 0.00351 0
1 0.152932330827 0.0208928571429 1 0 0 0 0 0 0 0 0 0 0 0 0 0 0 1 0 0 0 0 0 0 0 0 1 0 0.00438596491228 0 0 0.0 0 0 1 0 0.12 1e-05 0
1 0.238045112782 0.160714285714 0 1 0 0 0 0 0 0 0 0 0 1 0 0 0 0 0 0 0 0 1 0 0 0 0 0 0.263157894737 1 1 0.0298507462687 1 0 1 0 0.165 0.0 1
0 0.0627067669173 0.364642857143 0 1 0 1 0 0 0 0 0 0 0 0 0 0 0 0 0 1 0 0 0 0 0 0 0 0 0.0 0 0 0.0 0 0 1 0 0.0 0.0005 0
1 0.174135338346 0.0207142857143 0 1 0 0 0 0 0 0 0 0 1 0 0 0 0 0 0 0 0 0 1 0 0 0 0 0 0.0101754385965 1 1 0.10447761194 1 0 1 0 0.048 0.05124 1
1 0.0815037593985 0.0 1 0 0 0 0 0 0 0 0 1 0 0 0 0 0 0 0 0 0 0 0 1 0 0 0 0 0.0 0 0 0.0 1 1 0 0 0.25 1e-05 1
1 0.582706766917 0.232142857143 0 1 0 0 0 0 1 0 0 0 0 0 0 0 0 0 0 0 0 0 1 0 0 0 0 0 0.220701754386 1 1 0.223880597015 0 0 1 0 0.0 0.11202 1
1 0.093984962406 0.0446428571429 1 0 0 0 0 0 1 0 0 0 0 0 0 0 0 0 0 0 0 0 1 0 0 0 0 0 0.00438596491228 0 0 0.0 0 0 1 0 0.07 4e-05 0
1 0.298195488722 0.0119642857143 1 0 0 0 0 0 0 0 0 0 0 0 0 0 0 1 0 0 0 0 1 0 0 0 0 0 0.00298245614035 0 0 0.0 0 0 1 0 0.09 0.0 0
1 0.0651127819549 0.196428571429 0 1 0 0 0 0 1 0 0 0 0 0 0 0 0 0 0 0 0 0 1 0 0 0 0 0 0.0175438596491 1 0 0.0 0 0 1 0 0.04 0.0 1
0 0.209323308271 0.0728571428571 0 1 0 0 0 0 0 0 0 0 0 1 0 0 0 0 0 0 0 0 1 0 0 0 0 0 0.00877192982456 0 0 0.0 1 0 1 0 0.09 0.0005 0
0 0.145413533835 0.0282142857143 1 0 0 0 0 0 0 0 0 0 0 0 0 1 0 0 0 0 0 0 1 0 0 0 0 0 0.0526315789474 1 1 0.0298507462687 1 0 1 0 0.04 0.004 1
0 0.0763909774436 0.340714285714 0 1 0 0 0 0 0 0 1 0 0 0 0 0 0 0 0 0 0 0 1 0 0 0 0 0 0.00298245614035 1 0 0.0 0 0 1 0 0.05 0.0 1
0 0.303308270677 0.0566071428571 1 0 0 1 0 0 0 0 0 0 0 0 0 0 0 0 0 1 0 0 0 0 0 0 0 0 0.0 1 0 0.0 0 0 1 0 0.16 0.0 0
1 0.565112781955 0.357142857143 0 1 0 0 0 1 0 0 0 0 0 0 0 0 0 0 0 0 0 0 0 1 0 0 0 0 0.0 1 1 0.164179104478 0 0 1 0 0.0 0.01249 1
1 0.307067669173 0.0982142857143 0 1 0 0 0 1 0 0 0 0 0 0 0 0 0 0 0 0 0 0 0 1 0 0 0 0 0.0877192982456 0 0 0.0 1 0 1 0 0.116 0.002 0
1 0.388421052632 0.496964285714 0 1 0 0 0 0 0 0 0 0 0 1 0 0 0 0 0 0 0 0 1 0 0 0 0 0 0.302631578947 1 1 0.089552238806 1 0 1 0 0.035 0.0 1
1 0.125263157895 0.409285714286 0 1 0 0 0 0 1 0 0 0 0 0 0 0 0 0 0 0 0 0 1 0 0 0 0 0 0.0556140350877 0 0 0.0 1 0 1 0 0.05 0.01212 0
0 0.155338345865 0.0178571428571 0 1 0 0 0 0 0 0 0 0 0 0 0 1 0 0 0 0 0 0 0 0 0 0 1 0 0.0438596491228 1 1 0.0149253731343 0 0 1 0 0.0 0.00678 1
1 0.298195488722 0.0982142857143 0 1 0 0 0 0 0 0 0 1 0 0 0 0 0 0 0 0 0 0 1 0 0 0 0 0 0.149122807018 1 1 0.089552238806 0 0 1 0 0.102 0.0 1
1 0.458646616541 0.392857142857 1 0 0 0 1 0 0 0 0 0 0 0 0 0 0 0 0 0 0 0 1 0 0 0 0 0 0.0526315789474 1 0 0.0 0 1 0 0 0.0 0.0 0
0 0.838345864662 0.214285714286 0 1 0 1 0 0 0 0 0 0 0 0 0 0 0 0 0 1 0 0 0 0 0 0 0 0 0.0 0 0 0.0 0 1 0 0 0.0 0.0 0
0 0.192932330827 0.0907142857143 1 0 0 1 0 0 0 0 0 0 0 0 0 0 0 0 0 1 0 0 0 0 0 0 0 0 0.0 0 0 0.0 1 0 1 0 0.09 0.0006 0
1 0.292030075188 0.0371428571429 0 1 0 0 0 0 0 0 0 0 0 0 0 0 1 0 0 0 0 0 0 0 0 0 1 0 0.228070175439 1 0 0.0 1 0 1 0 0.082 0.31285 1
1 0.196691729323 0.0192857142857 0 1 0 0 0 0 1 0 0 0 0 0 0 0 0 0 0 1 0 0 0 0 0 0 0 0 0.0 0 0 0.0 0 0 1 0 0.05 0.0 0
1 0.947368421053 0.796071428571 0 1 0 0 0 0 0 0 0 0 0 0 1 0 0 0 0 0 0 0 0 0 0 0 0 1 0.447368421053 1 1 0.0149253731343 1 0 1 0 0.0 0.00109 1
1 0.254436090226 0.0892857142857 0 1 0 0 0 0 0 0 0 0 0 0 0 0 0 1 0 0 0 0 0 0 0 0 1 0 0.0789473684211 0 0 0.0 1 1 0 0 0.17 0.0 0
1 0.0664661654135 0.0878571428571 0 1 0 0 0 0 0 0 0 0 1 0 0 0 0 0 0 0 0 0 0 0 0 1 0 0 0.0336842105263 0 1 0.0298507462687 1 0 1 0 0.08 0.00587 0
1 0.613984962406 0.33625 0 1 0 1 0 0 0 0 0 0 0 0 0 0 0 0 0 1 0 0 0 0 0 0 0 0 0.505789473684 1 1 0.164179104478 1 0 1 0 0.015 0.003 1
1 0.316992481203 0.142857142857 0 1 0 0 1 0 0 0 0 0 0 0 0 0 0 0 0 0 0 0 0 1 0 0 0 0 0.438596491228 1 0 0.0 1 0 1 0 0.092 0.0 0
1 0.121503759398 0.00892857142857 0 1 0 0 1 0 0 0 0 0 0 0 0 0 0 0 0 0 0 0 0 0 0 0 1 0 0.0233333333333 1 0 0.0 1 0 1 0 0.0 0.0 1
1 0.322105263158 0.160714285714 0 1 0 0 0 0 0 0 0 0 0 0 0 0 0 0 1 0 0 0 0 0 0 0 1 0 0.201754385965 0 0 0.0 1 1 0 0 0.3555 0.0 1
1 0.308270676692 0.107142857143 0 1 0 0 0 0 0 0 0 0 0 0 0 0 0 1 0 0 0 0 0 0 0 0 1 0 0.260175438596 1 0 0.0 1 0 1 0 0.0 0.0 1
0 0.172932330827 0.482142857143 1 0 0 1 0 0 0 0 0 0 0 0 0 0 0 0 0 1 0 0 0 0 0 0 0 0 0.0701754385965 0 1 0.0149253731343 1 0 1 0 0.1 1e-05 0
1 0.119097744361 0.0416071428571 1 0 0 0 0 0 1 0 0 0 0 0 0 0 0 0 0 0 0 0 1 0 0 0 0 0 0.0877192982456 1 1 0.0149253731343 0 0 1 0 0.09 0.0002 0
1 0.504962406015 0.232142857143 0 1 0 0 0 0 0 0 0 0 1 0 0 0 0 0 0 0 0 0 1 0 0 0 0 0 0.0350877192982 0 0 0.0 1 0 1 0 0.0 0.00228 0
1 0.152932330827 0.0535714285714 0 1 0 0 1 0 0 0 0 0 0 0 0 0 0 0 0 0 0 0 0 0 0 0 1 0 0.0657894736842 1 1 0.089552238806 0 0 1 0 0.1 0.00327 1
0 0.5 0.464285714286 0 1 0 0 0 1 0 0 0 0 0 0 0 0 0 0 0 0 0 0 0 1 0 0 0 0 0.181228070175 1 1 0.134328358209 1 0 1 0 0.0 0.0 1
1 0.833383458647 0.321428571429 0 1 0 1 0 0 0 0 0 0 0 0 0 0 0 0 0 1 0 0 0 0 0 0 0 0 0.140350877193 0 1 0.0149253731343 0 0 1 0 0.035 6e-05 0
1 0.418496240602 0.0625 0 1 0 0 0 0 1 0 0 0 0 0 0 0 0 0 0 0 0 0 1 0 0 0 0 0 0.00736842105263 1 0 0.0 0 0 1 0 0.08 0.0 0
1 0.268120300752 0.0267857142857 1 0 0 0 0 0 0 0 1 0 0 0 0 0 0 0 0 0 0 0 1 0 0 0 0 0 0.122807017544 0 0 0.0 1 0 1 0 0.16 0.0 0
1 0.52 0.428571428571 0 1 0 0 0 0 0 0 0 1 0 0 0 0 0 0 0 0 0 0 1 0 0 0 0 0 0.561403508772 1 0 0.0 0 1 0 0 0.055 0.0 1
1 0.812030075188 0.196428571429 0 1 0 0 0 0 0 0 0 0 0 0 1 0 0 0 0 0 0 0 0 0 0 0 0 1 0.456140350877 1 1 0.0149253731343 1 0 1 0 0.0 0.0 1
0 0.139097744361 0.0655357142857 0 1 0 0 0 0 0 1 0 0 0 0 0 0 0 0 0 0 0 1 0 0 0 0 0 0 0.0 0 1 0.0149253731343 0 0 1 0 0.1 0.00053 0
0 0.169172932331 0.440357142857 0 1 0 0 0 0 0 0 0 0 0 0 0 0 0 1 0 0 0 0 0 0 0 0 1 0 0.122807017544 1 1 0.089552238806 0 0 1 0 0.2 0.00458 1
1 0.51007518797 0.0892857142857 0 1 0 0 0 0 0 0 0 1 0 0 0 0 0 0 0 0 0 0 0 1 0 0 0 0 0.0877192982456 1 1 0.179104477612 1 0 1 0 0.205 0.0251 1
1 0.211729323308 0.055 0 1 0 0 0 0 0 0 0 0 0 1 0 0 0 0 0 0 0 0 1 0 0 0 0 0 0.131578947368 1 1 0.0746268656716 1 0 1 0 0.05 3e-05 1
1 0.218045112782 0.18 1 0 0 0 0 0 0 0 0 0 1 0 0 0 0 0 0 0 0 0 0 1 0 0 0 0 0.0526315789474 1 1 0.119402985075 1 0 1 0 0.072 7e-05 1
1 0.195488721805 0.0401785714286 0 1 0 0 0 0 0 0 0 0 0 0 0 0 0 0 1 0 0 0 0 0 0 0 1 0 0.0438596491228 1 0 0.0 0 0 1 0 0.0 0.05298 1
1 0.0852631578947 0.258928571429 0 1 0 0 0 0 0 0 0 1 0 0 0 0 0 0 0 0 0 0 1 0 0 0 0 0 0.00140350877193 0 1 0.0149253731343 0 0 1 0 0.05 1e-05 0
1 0.316992481203 0.0892857142857 1 0 0 0 0 0 0 0 0 0 0 1 0 0 0 0 0 0 0 0 1 0 0 0 0 0 0.105263157895 0 0 0.0 0 1 0 0 0.1 0.0 0
1 0.10030075188 0.25 0 1 0 0 0 0 0 0 0 0 1 0 0 0 0 0 0 0 0 0 1 0 0 0 0 0 0.0570175438596 1 1 0.044776119403 0 0 1 0 0.1 0.01391 1
1 0.304511278195 0.181607142857 1 0 0 0 0 1 0 0 0 0 0 0 0 0 0 0 0 0 0 0 0 1 0 0 0 0 0.0380701754386 0 0 0.0 1 0 1 0 0.24 0.0 0
1 1.0 0.196428571429 0 1 0 0 0 0 0 0 0 0 1 0 0 0 0 0 0 0 0 0 1 0 0 0 0 0 0.0189473684211 1 0 0.0 0 0 1 0 0.0 0.0034 0
0 0.142857142857 0.209821428571 0 1 0 0 0 0 0 0 0 0 0 0 0 1 0 0 0 0 0 0 1 0 0 0 0 0 0.111228070175 1 1 0.149253731343 0 0 1 0 0.06 0.00245 1
1 0.263157894737 0.0401785714286 0 1 0 1 0 0 0 0 0 0 0 0 0 0 0 0 0 1 0 0 0 0 0 0 0 0 0.0 0 1 0.0149253731343 0 0 1 0 0.048 0.00019 0
0 0.67037593985 0.357142857143 0 1 0 0 0 0 0 0 0 0 0 0 0 1 0 0 0 0 0 0 1 0 0 0 0 0 0.140350877193 1 1 0.208955223881 0 0 1 0 0.0 0.01602 1
1 0.267969924812 0.0178571428571 0 1 0 0 0 0 0 0 0 0 1 0 0 0 0 0 0 0 0 0 0 1 0 0 0 0 0.029298245614 1 0 0.0 1 1 0 0 0.16 0.0 0
0 0.185413533835 0.309464285714 0 1 0 0 0 0 0 0 1 0 0 0 0 0 0 0 0 0 0 0 1 0 0 0 0 0 0.049649122807 1 0 0.0 0 0 1 0 0.08 0.0015 1
0 0.412330827068 0.232142857143 0 1 0 0 0 0 0 0 0 0 0 0 0 1 0 0 0 0 0 0 1 0 0 0 0 0 0.0175438596491 1 1 0.044776119403 1 0 1 0 0.0725 0.0 1
1 0.225563909774 0.0416071428571 0 1 0 0 0 0 1 0 0 0 0 0 0 0 0 0 0 0 0 0 1 0 0 0 0 0 0.0175438596491 1 0 0.0 0 1 0 0 0.14 0.0 0
0 0.495037593985 0.0164285714286 0 1 0 0 0 0 0 0 0 0 0 0 0 0 0 1 0 0 0 0 0 0 0 0 1 0 0.0145614035088 1 1 0.164179104478 1 0 1 0 0.22 6e-05 1
0 0.165413533835 0.488035714286 0 1 0 0 0 0 0 0 0 0 0 0 0 1 0 0 0 0 0 0 0 0 0 0 1 0 0.0526315789474 0 0 0.0 0 0 1 0 0.14 1e-05 0
1 0.388421052632 0.178571428571 0 1 0 1 0 0 0 0 0 0 0 0 0 0 0 0 0 1 0 0 0 0 0 0 0 0 0.0 0 1 0.0298507462687 0 0 1 0 0.0085 1e-05 0
1 0.0387969924812 0.145892857143 0 1 0 0 0 1 0 0 0 0 0 0 0 0 0 0 0 0 0 0 0 0 0 0 1 0 0.0145614035088 0 0 0.0 1 0 1 0 0.06 0.0 0
1 0.315789473684 0.535714285714 0 1 0 0 0 0 0 0 0 0 0 0 0 0 1 0 0 0 0 0 0 0 0 1 0 0 0.188596491228 1 1 0.134328358209 1 0 1 0 0.0 0.00134 1
1 0.305714285714 0.0892857142857 0 1 0 0 0 0 0 0 0 0 1 0 0 0 0 0 0 0 0 0 1 0 0 0 0 0 0.0350877192982 0 0 0.0 0 0 1 0 0.23 0.00016 0
1 0.101503759398 0.357142857143 1 0 0 0 0 0 0 0 0 0 1 0 0 0 0 0 0 0 0 0 1 0 0 0 0 0 0.0877192982456 1 0 0.0 0 1 0 0 0.02 0.0 1
0 0.322105263158 0.133928571429 0 1 0 1 0 0 0 0 0 0 0 0 0 0 0 0 0 1 0 0 0 0 0 0 0 0 0.0 0 1 0.089552238806 0 0 1 0 0.0 0.002 0
1 0.195488721805 0.160714285714 1 0 0 0 0 0 0 0 0 0 1 0 0 0 0 0 0 0 0 0 0 1 0 0 0 0 0.0877192982456 0 0 0.0 0 0 1 0 0.1 0.0121 0
0 0.251879699248 0.232142857143 0 1 0 0 0 0 0 0 0 0 1 0 0 0 0 0 0 0 0 0 0 1 0 0 0 0 0.140350877193 1 1 0.10447761194 1 0 1 0 0.0 0.03065 1
0 0.204210526316 0.0594642857143 0 1 0 1 0 0 0 0 0 0 0 0 0 0 0 0 0 1 0 0 0 0 0 0 0 0 0.0 0 0 0.0 0 0 1 0 0.17 1e-05 0
1 0.0714285714286 0.0714285714286 0 1 0 0 0 1 0 0 0 0 0 0 0 0 0 0 0 0 0 0 1 0 0 0 0 0 0.0526315789474 1 1 0.0298507462687 0 0 1 0 0.06 0.003 1
1 0.035037593985 0.0267857142857 0 1 0 0 0 0 0 0 0 0 1 0 0 0 0 0 0 0 0 0 1 0 0 0 0 0 0.0614035087719 1 1 0.0746268656716 1 0 1 0 0.176 0.0069 1
1 0.172932330827 0.0357142857143 0 1 0 0 0 0 0 0 1 0 0 0 0 0 0 0 0 0 0 0 1 0 0 0 0 0 0.0175438596491 0 0 0.0 0 0 1 0 0.1 0.0 0
1 0.141654135338 0.397321428571 0 1 0 0 0 0 0 0 0 0 0 0 0 0 0 0 1 0 0 0 0 0 0 0 1 0 0.0161403508772 1 1 0.0149253731343 0 0 1 0 0.05 0.0 1
0 0.236842105263 0.0714285714286 1 0 0 0 0 0 0 0 0 0 0 0 1 0 0 0 0 0 0 0 0 0 0 0 1 0 0.0701754385965 0 0 0.0 0 0 1 0 0.128 0.00017 0
0 0.756842105263 0.00589285714286 0 1 0 1 0 0 0 0 0 0 0 0 0 0 0 0 0 1 0 0 0 0 0 0 0 0 0.0 1 1 0.0149253731343 0 0 1 0 0.116 0.001 1
1 0.162857142857 0.0446428571429 0 1 0 0 0 0 0 0 0 0 1 0 0 0 0 0 0 0 0 0 1 0 0 0 0 0 0.00877192982456 0 0 0.0 0 0 1 0 0.055 0.0 0
0 0.36962406015 0.157678571429 0 1 0 0 0 0 0 0 0 0 1 0 0 0 0 0 0 0 0 0 1 0 0 0 0 0 0.00438596491228 0 0 0.0 0 0 1 0 0.08 0.0 0
0 0.542556390977 0.485178571429 0 1 0 0 0 0 1 0 0 0 0 0 0 0 0 0 0 0 0 0 0 0 0 0 1 0 0.298245614035 1 0 0.0 1 0 1 0 0.0 0.0 1
1 0.127819548872 0.0164285714286 0 1 0 0 0 0 1 0 0 0 0 0 0 0 0 0 0 0 0 0 1 0 0 0 0 0 0.00438596491228 0 0 0.0 1 0 1 0 0.14 0.00055 0
1 0.111578947368 0.00892857142857 1 0 0 0 0 0 0 0 0 0 1 0 0 0 0 0 0 0 0 0 0 0 0 0 1 0 0.00877192982456 0 0 0.0 0 0 1 0 0.14 0.00204 0
1 0.260601503759 0.110178571429 0 1 0 0 0 0 0 0 0 0 1 0 0 0 0 0 0 0 0 0 1 0 0 0 0 0 0.0877192982456 0 1 0.0298507462687 1 0 1 0 0.08 0.00041 0
1 0.211729323308 0.0535714285714 0 1 0 0 0 0 0 0 0 0 0 1 0 0 0 0 0 0 0 0 1 0 0 0 0 0 0.0789473684211 0 1 0.0149253731343 1 0 1 0 0.05 3e-05 0
1 0.275639097744 0.142857142857 1 0 0 0 0 0 0 0 0 0 0 0 0 0 0 1 0 0 0 0 1 0 0 0 0 0 0.0526315789474 0 0 0.0 1 0 1 0 0.06 0.0 0
1 0.219248120301 0.178571428571 0 1 0 0 0 0 0 0 0 0 0 1 0 0 0 0 0 0 0 0 1 0 0 0 0 0 0.385964912281 1 0 0.0 1 0 1 0 0.035 0.0 1
1 0.137894736842 0.113035714286 1 0 0 0 0 0 0 0 0 0 1 0 0 0 0 0 0 0 0 0 1 0 0 0 0 0 0.00578947368421 0 0 0.0 0 0 1 0 0.08 0.01058 0
0 0.171729323308 0.102678571429 0 1 0 0 0 0 0 0 0 0 0 0 0 0 0 0 1 0 0 0 0 0 0 0 1 0 0.030701754386 1 0 0.0 0 0 1 0 0.18 0.0 1
0 0.177894736842 0.0 0 1 0 0 0 0 0 0 0 0 1 0 0 0 0 0 0 0 0 0 1 0 0 0 0 0 0.0 0 0 0.0 0 0 0 1 0.092 0.0 1
1 0.104060150376 0.0148214285714 0 1 0 0 0 0 0 0 0 0 1 0 0 0 0 0 0 0 0 0 1 0 0 0 0 0 0.00438596491228 0 0 0.0 0 0 1 0 0.0 0.00044 0
1 0.357142857143 0.0401785714286 1 0 0 0 1 0 0 0 0 0 0 0 0 0 0 0 0 0 0 0 1 0 0 0 0 0 0.0526315789474 0 0 0.0 1 0 1 0 0.2155 0.0 1
0 0.15037593985 0.0253571428571 0 1 0 0 0 0 0 0 0 0 0 1 0 0 0 0 0 0 0 0 1 0 0 0 0 0 0.00877192982456 0 1 0.0149253731343 1 0 1 0 0.12 4e-05 0
1 0.304511278195 0.160714285714 0 1 0 0 0 0 0 0 1 0 0 0 0 0 0 0 0 0 0 0 1 0 0 0 0 0 0.0350877192982 1 0 0.0 1 0 1 0 0.12 0.0 0
0 0.39969924812 0.290178571429 1 0 0 0 0 0 1 0 0 0 0 0 0 0 0 0 0 0 0 0 1 0 0 0 0 0 0.00578947368421 0 1 0.0298507462687 0 0 1 0 0.092 0.00018 0
0 0.161654135338 0.0178571428571 0 1 0 0 0 0 0 0 0 0 0 0 0 1 0 0 0 0 0 0 0 0 0 0 1 0 0.0526315789474 1 0 0.0 0 0 1 0 0.14 0.00824 1
1 0.179248120301 0.0789285714286 1 0 0 0 0 0 0 0 1 0 0 0 0 0 0 0 0 0 0 0 1 0 0 0 0 0 0.140350877193 1 0 0.0 0 0 1 0 0.094 0.0 0
0 0.0751879699248 0.267857142857 0 1 0 0 0 0 0 0 0 0 0 0 0 1 0 0 0 0 0 0 1 0 0 0 0 0 0.0950877192982 1 1 0.0746268656716 0 0 1 0 0.092 0.26726 1
1 0.249323308271 0.0178571428571 0 1 0 0 1 0 0 0 0 0 0 0 0 0 0 0 0 0 0 0 0 0 0 0 1 0 0.00298245614035 0 0 0.0 1 1 0 0 0.126 0.0 0
0 0.482406015038 0.375 0 1 0 0 0 0 0 0 0 0 0 0 0 1 0 0 0 0 0 0 1 0 0 0 0 0 0.175438596491 1 1 0.10447761194 1 0 1 0 0.0 0.0 1
1 0.186766917293 0.446428571429 1 0 0 0 0 0 1 0 0 0 0 0 0 0 0 0 0 0 0 0 0 0 0 0 1 0 0.0438596491228 0 0 0.0 1 0 1 0 0.0 0.00017 0
1 0.344661654135 0.157678571429 1 0 0 0 0 0 1 0 0 0 0 0 0 0 0 0 0 0 0 0 1 0 0 0 0 0 0.00877192982456 1 1 0.149253731343 1 0 1 0 0.16 0.0 1
0 0.517593984962 0.0476785714286 0 1 0 0 0 1 0 0 0 0 0 0 0 0 0 0 0 0 0 0 0 0 0 1 0 0 0.0117543859649 0 0 0.0 0 0 1 0 0.0 0.0012 0
1 0.116541353383 0.348214285714 0 1 0 0 0 0 0 0 0 0 1 0 0 0 0 0 0 0 0 0 1 0 0 0 0 0 0.00877192982456 1 0 0.0 0 0 1 0 0.07 0.0 0
1 0.126616541353 0.0208928571429 1 0 0 1 0 0 0 0 0 0 0 0 0 0 0 0 0 1 0 0 0 0 0 0 0 0 0.0 0 0 0.0 0 0 1 0 0.05 0.0 0
0 0.0413533834586 0.0446428571429 0 1 0 0 0 0 0 0 0 0 0 0 0 1 0 0 0 0 0 0 1 0 0 0 0 0 0.00877192982456 0 1 0.0149253731343 0 0 1 0 0.054 0.00098 0
0 0.169172932331 0.392857142857 1 0 0 0 0 0 0 0 1 0 0 0 0 0 0 0 0 0 0 0 1 0 0 0 0 0 0.157894736842 1 0 0.0 0 0 1 0 0.06 0.0 0
1 0.532631578947 0.0817857142857 0 1 0 1 0 0 0 0 0 0 0 0 0 0 0 0 0 1 0 0 0 0 0 0 0 0 0.0101754385965 0 0 0.0 0 0 1 0 0.1 3e-05 0
0 0.201804511278 0.0446428571429 0 1 0 1 0 0 0 0 0 0 0 0 0 0 0 0 0 1 0 0 0 0 0 0 0 0 0.0 0 1 0.0149253731343 0 0 1 0 0.046 0.003 0
0 0.0326315789474 0.102678571429 0 1 0 0 0 0 0 0 0 0 0 0 0 1 0 0 0 0 0 0 1 0 0 0 0 0 0.00298245614035 0 0 0.0 0 0 1 0 0.06 0.0 0
1 0.236842105263 0.0207142857143 0 1 0 0 0 0 0 0 0 0 0 1 0 0 0 0 0 0 0 0 1 0 0 0 0 0 0.0101754385965 0 1 0.0149253731343 0 0 1 0 0.17 0.02803 0
1 0.0815037593985 0.339285714286 0 1 0 0 0 0 0 0 0 0 0 1 0 0 0 0 0 0 0 0 1 0 0 0 0 0 0.0526315789474 1 0 0.0 0 0 1 0 0.06 0.02206 1
1 0.354586466165 0.0951785714286 0 1 0 0 0 0 0 0 0 0 0 0 0 0 0 1 0 0 0 0 1 0 0 0 0 0 0.00578947368421 0 0 0.0 1 0 1 0 0.0 0.00501 0
1 0.516240601504 0.133928571429 0 1 0 0 0 1 0 0 0 0 0 0 0 0 0 0 0 0 0 0 0 1 0 0 0 0 0.0350877192982 0 0 0.0 0 0 1 0 0.05 2e-05 0
0 0.119097744361 0.410714285714 1 0 0 0 0 0 0 1 0 0 0 0 0 0 0 0 0 0 0 1 0 0 0 0 0 0 0.0 1 1 0.164179104478 1 0 1 0 0.0 0.0 1
1 0.0763909774436 0.0148214285714 1 0 0 0 0 0 0 0 0 0 1 0 0 0 0 0 0 0 0 0 1 0 0 0 0 0 0.00578947368421 0 1 0.0149253731343 0 0 1 0 0.1 1e-05 0
0 0.238045112782 0.0625 1 0 0 0 0 0 1 0 0 0 0 0 0 0 0 0 0 0 0 0 1 0 0 0 0 0 0.0438596491228 0 0 0.0 1 0 1 0 0.14 0.0 0
0 0.647819548872 0.151785714286 1 0 0 1 0 0 0 0 0 0 0 0 0 0 0 0 0 1 0 0 0 0 0 0 0 0 0.175438596491 0 0 0.0 1 0 1 0 0.0 4e-05 0
1 0.17037593985 0.0610714285714 0 1 0 0 0 0 0 0 0 0 0 0 0 0 0 0 1 0 0 0 1 0 0 0 0 0 0.0584210526316 1 1 0.0149253731343 1 0 1 0 0.1975 0.0002 1
1 0.267969924812 0.0223214285714 0 1 0 0 0 0 1 0 0 0 0 0 0 0 0 0 0 0 0 0 1 0 0 0 0 0 0.00877192982456 0 0 0.0 0 0 1 0 0.19 0.0201 0
1 0.271879699248 0.0892857142857 0 1 0 0 0 0 0 0 1 0 0 0 0 0 0 0 0 0 0 0 1 0 0 0 0 0 0.263157894737 1 0 0.0 1 0 1 0 0.2615 0.0 0
1 0.137894736842 0.00607142857143 0 1 0 0 0 0 0 0 0 1 0 0 0 0 0 0 0 0 0 0 1 0 0 0 0 0 0.00298245614035 0 0 0.0 0 1 0 0 0.0 0.0 0
0 0.0702255639098 0.330357142857 0 1 0 0 0 0 0 0 0 0 0 0 0 1 0 0 0 0 0 0 1 0 0 0 0 0 0.0424561403509 1 1 0.0597014925373 0 0 1 0 0.03 0.0054 1
1 0.51007518797 0.0103571428571 0 1 0 0 0 0 0 0 0 0 1 0 0 0 0 0 0 0 0 0 0 1 0 0 0 0 0.526315789474 1 1 0.298507462687 0 0 1 0 0.0 0.15 1
0 0.354586466165 0.0892857142857 0 1 0 0 0 1 0 0 0 0 0 0 0 0 0 0 0 0 0 0 0 0 0 0 1 0 0.00736842105263 0 0 0.0 0 0 1 0 0.13 0.00246 0
0 0.267969924812 0.401785714286 0 1 0 1 0 0 0 0 0 0 0 0 0 0 0 0 0 1 0 0 0 0 0 0 0 0 0.0 0 0 0.0 0 0 1 0 0.092 0.052 0
1 0.14030075188 0.410714285714 0 1 0 0 0 0 0 0 0 0 0 1 0 0 0 0 0 0 0 0 0 0 0 0 1 0 0.0745614035088 1 1 0.164179104478 1 0 1 0 0.145 0.00284 1
0 0.186766917293 0.0714285714286 0 1 0 0 0 0 0 1 0 0 0 0 0 0 0 0 0 0 0 1 0 0 0 0 0 0 0.0 0 0 0.0 1 0 1 0 0.138 1e-05 0
0 0.334586466165 0.0357142857143 0 1 0 0 0 0 0 0 0 0 1 0 0 0 0 0 0 0 0 0 1 0 0 0 0 0 0.0701754385965 1 1 0.164179104478 0 0 1 0 0.0 0.00456 1
1 0.0676691729323 0.00589285714286 0 1 0 0 1 0 0 0 0 0 0 0 0 0 0 0 0 0 0 0 1 0 0 0 0 0 0.00877192982456 0 0 0.0 1 1 0 0 0.14 0.0 0
0 0.345864661654 0.183035714286 0 1 0 0 0 0 0 0 0 0 0 0 1 0 0 0 0 0 0 0 1 0 0 0 0 0 0.175438596491 1 0 0.0 1 0 1 0 0.0 0.04 1
0 0.147819548872 0.0296428571429 0 1 0 0 0 0 0 0 0 0 0 0 0 1 0 0 0 0 0 0 1 0 0 0 0 0 0.0145614035088 0 1 0.0149253731343 1 0 1 0 0.1 0.00011 0
1 0.142857142857 0.0357142857143 0 1 0 0 0 0 0 0 0 0 1 0 0 0 0 0 0 0 0 0 1 0 0 0 0 0 0.029298245614 1 0 0.0 0 1 0 0 0.15 0.0 1
1 0.243157894737 0.0655357142857 0 1 0 0 0 0 0 0 0 0 1 0 0 0 0 0 0 0 0 0 0 0 0 0 1 0 0.152105263158 1 0 0.0 0 0 1 0 0.13 0.002 1
1 0.235639097744 0.0446428571429 0 1 0 0 0 0 0 0 0 0 1 0 0 0 0 0 0 0 0 0 0 0 0 0 1 0 0.00877192982456 0 1 0.0298507462687 1 0 1 0 0.2 0.00108 0
1 0.0500751879699 0.1175 0 1 0 0 0 1 0 0 0 0 0 0 0 0 0 0 0 0 0 0 1 0 0 0 0 0 0.0117543859649 0 0 0.0 1 0 1 0 0.07 2e-05 0
1 0.126616541353 0.433035714286 0 1 0 0 0 0 0 0 0 0 1 0 0 0 0 0 0 0 0 0 1 0 0 0 0 0 0.11701754386 0 1 0.0298507462687 1 0 1 0 0.09 0.00173 0
1 0.245563909774 0.0371428571429 1 0 0 0 0 1 0 0 0 0 0 0 0 0 0 0 0 0 0 0 0 1 0 0 0 0 0.0175438596491 1 1 0.149253731343 1 0 1 0 0.066 0.00028 0
0 0.330827067669 0.0326785714286 0 1 0 0 0 0 0 0 1 0 0 0 0 0 0 0 0 0 0 0 1 0 0 0 0 0 0.0263157894737 1 1 0.0597014925373 0 0 1 0 0.0 0.01583 1
1 0.383458646617 0.339285714286 0 1 0 0 0 0 0 0 0 1 0 0 0 0 0 0 0 0 0 0 1 0 0 0 0 0 0.228070175439 1 1 0.208955223881 0 0 1 0 0.12 0.04607 1
