1 0.918496240602 0.678571428571 1 0 0 1 0 0 0 0 0 0 0 0 0 0 0 0 0 1 0 0 0 0 0 0 0 0 0.00140350877193 0 1 0.0298507462687 0 0 1 0 0.0 0.00351 0
0 0.122857142857 0.416607142857 0 1 0 0 0 0 1 0 0 0 0 0 0 0 0 0 0 0 0 0 0 0 0 0 1 0 0.00298245614035 0 0 0.0 0 0 1 0 0.16 5e-05 0
1 0.0815037593985 0.0 1 0 0 0 0 0 0 0 0 1 0 0 0 0 0 0 0 0 0 0 0 1 0 0 0 0 0.0 0 0 0.0 1 1 0 0 0.25 1e-05 1
1 0.0839097744361 0.389821428571 0 1 0 0 0 0 0 0 0 0 1 0 0 0 0 0 0 0 0 0 0 1 0 0 0 0 0.0205263157895 0 1 0.0298507462687 1 0 1 0 0.1 7e-05 0
1 0.443609022556 0.900357142857 0 1 0 0 0 0 0 0 0 0 0 0 0 1 0 0 0 0 0 0 0 0 0 0 1 0 0.00736842105263 1 1 0.0149253731343 0 0 1 0 0.38 0.0009 0
1 0.265714285714 0.553571428571 0 1 0 0 0 0 0 0 0 0 1 0 0 0 0 0 0 0 0 0 1 0 0 0 0 0 0.0175438596491 1 0 0.0 0 0 1 0 0.06 0.0 0
0 0.10030075188 0.375 1 0 0 0 0 0 0 0 0 0 0 0 0 0 0 0 1 0 0 0 0 0 0 0 1 0 0.0 0 0 0.0 1 0 1 0 0.077 0.00032 0
1 0.833383458647 0.321428571429 0 1 0 1 0 0 0 0 0 0 0 0 0 0 0 0 0 1 0 0 0 0 0 0 0 0 0.140350877193 0 1 0.0149253731343 0 0 1 0 0.035 6e-05 0
1 0.10030075188 0.25 0 1 0 0 0 0 0 0 0 0 1 0 0 0 0 0 0 0 0 0 1 0 0 0 0 0 0.0570175438596 1 1 0.044776119403 0 0 1 0 0.1 0.01391 1
1 0.382255639098 0.0580357142857 0 1 0 0 0 0 0 0 0 0 1 0 0 0 0 0 0 0 0 0 1 0 0 0 0 0 0.0526315789474 1 1 0.149253731343 0 0 1 0 0.093 0.047 1
1 0.502556390977 0.208392857143 0 1 0 0 0 0 0 0 0 0 0 1 0 0 0 0 0 0 0 0 1 0 0 0 0 0 0.19298245614 0 0 0.0 0 0 1 0 0.2325 0.0015 0
1 0.104060150376 0.0298214285714 1 0 0 0 0 0 0 0 0 0 1 0 0 0 0 0 0 0 0 0 1 0 0 0 0 0 0.0701754385965 0 0 0.0 1 1 0 0 0.12 0.0 0
1 0.172932330827 0.0357142857143 0 1 0 0 0 0 0 0 1 0 0 0 0 0 0 0 0 0 0 0 1 0 0 0 0 0 0.0175438596491 0 0 0.0 0 0 1 0 0.1 0.0 0
1 0.0815037593985 0.142857142857 1 0 0 0 0 1 0 0 0 0 0 0 0 0 0 0 0 0 0 0 1 0 0 0 0 0 0.0350877192982 0 0 0.0 1 0 1 0 0.18 0.01 0
1 0.345864661654 0.00446428571429 1 0 0 0 0 0 0 0 0 0 1 0 0 0 0 0 0 0 0 0 1 0 0 0 0 0 0.0526315789474 0 0 0.0 1 0 1 0 0.116 0.00113 1
1 0.124060150376 0.279821428571 1 0 0 0 0 1 0 0 0 0 0 0 0 0 0 0 0 0 0 0 0 1 0 0 0 0 0.00578947368421 0 0 0.0 1 0 1 0 0.092 0.0 0
1 0.10030075188 0.0655357142857 0 1 0 0 0 0 0 0 0 0 1 0 0 0 0 0 0 0 0 0 1 0 0 0 0 0 0.0789473684211 1 1 0.0149253731343 0 0 1 0 0.05 0.0015 1
1 0.101503759398 0.08625 0 1 0 0 0 0 0 0 0 0 1 0 0 0 0 0 0 0 0 0 1 0 0 0 0 0 0.0701754385965 1 1 0.164179104478 1 0 1 0 0.1 0.03 1
1 0.147819548872 0.0164285714286 1 0 0 0 0 0 0 0 0 0 0 1 0 0 0 0 0 0 0 0 1 0 0 0 0 0 0.0921052631579 1 1 0.089552238806 1 0 1 0 0.104 0.00347 0
0 0.0613533834586 0.392857142857 0 1 0 0 0 0 0 0 0 0 0 0 0 0 0 0 1 0 0 0 0 0 0 0 1 0 0.0350877192982 1 1 0.164179104478 0 0 1 0 0.0 0.03 1
1 0.0789473684211 0.0 1 0 0 1 0 0 0 0 0 0 0 0 0 0 0 0 0 1 0 0 0 0 0 0 0 0 0.0 0 1 0.0597014925373 0 0 1 0 0.0225 1e-05 0
1 0.316992481203 0.0892857142857 1 0 0 0 0 0 0 0 0 0 0 1 0 0 0 0 0 0 0 0 1 0 0 0 0 0 0.105263157895 0 0 0.0 0 1 0 0 0.1 0.0 0
1 0.517593984962 0.272321428571 0 1 0 0 0 0 0 0 0 0 0 1 0 0 0 0 0 0 0 0 0 0 0 0 1 0 0.543859649123 1 1 0.179104477612 0 0 1 0 0.0 0.0079 1
1 0.292030075188 0.0357142857143 0 1 0 0 0 0 0 0 0 0 0 0 0 0 0 0 1 0 0 0 1 0 0 0 0 0 0.0263157894737 1 1 0.10447761194 1 0 1 0 0.17 0.04071 1
1 0.105263157895 0.181607142857 1 0 0 0 0 0 0 1 0 0 0 0 0 0 0 0 0 0 0 0 1 0 0 0 0 0 0.0101754385965 0 0 0.0 0 0 1 0 0.07 0.00184 0
0 0.573984962406 0.232142857143 0 1 0 0 0 1 0 0 0 0 0 0 0 0 0 0 0 0 0 0 0 1 0 0 0 0 0.108245614035 0 0 0.0 1 0 1 0 0.0365 0.0 0
1 0.122857142857 0.0192857142857 1 0 0 0 0 0 0 0 0 0 0 0 0 0 0 0 1 0 0 0 1 0 0 0 0 0 0.00140350877193 1 1 0.0149253731343 1 0 1 0 0.42 0.00059 1
1 0.0852631578947 0.232142857143 0 1 0 0 0 0 0 0 0 0 0 1 0 0 0 0 0 0 0 0 0 0 0 0 1 0 0.0512280701754 1 1 0.10447761194 0 0 1 0 0.04 0.02954 1
1 0.278195488722 0.5 1 0 0 1 0 0 0 0 0 0 0 0 0 0 0 0 0 1 0 0 0 0 0 0 0 0 0.0 0 1 0.0298507462687 0 0 1 0 0.08 1e-05 0
1 0.312030075188 0.144285714286 1 0 0 0 0 1 0 0 0 0 0 0 0 0 0 0 0 0 0 0 0 1 0 0 0 0 0.298245614035 1 1 0.10447761194 1 0 1 0 0.0975 0.0 1
1 0.238045112782 0.160714285714 0 1 0 0 0 0 0 0 0 0 0 1 0 0 0 0 0 0 0 0 1 0 0 0 0 0 0.263157894737 1 1 0.0298507462687 1 0 1 0 0.165 0.0 1
1 0.137894736842 0.113035714286 1 0 0 0 0 0 0 0 0 0 1 0 0 0 0 0 0 0 0 0 1 0 0 0 0 0 0.00578947368421 0 0 0.0 0 0 1 0 0.08 0.01058 0
0 0.5 0.464285714286 0 1 0 0 0 1 0 0 0 0 0 0 0 0 0 0 0 0 0 0 0 1 0 0 0 0 0.181228070175 1 1 0.134328358209 1 0 1 0 0.0 0.0 1
0 0.186766917293 0.0714285714286 0 1 0 0 0 0 0 1 0 0 0 0 0 0 0 0 0 0 0 1 0 0 0 0 0 0 0.0 0 0 0.0 1 0 1 0 0.138 1e-05 0
0 0.216842105263 0.0133928571429 0 1 0 0 0 0 0 0 0 0 0 0 0 1 0 0 0 0 0 0 1 0 0 0 0 0 0.0205263157895 1 1 0.0597014925373 0 0 1 0 0.04 0.0 1
1 0.263157894737 0.10125 0 1 0 1 0 0 0 0 0 0 0 0 0 0 0 0 0 1 0 0 0 0 0 0 0 0 0.0 0 1 0.0746268656716 0 0 1 0 0.088 0.00146 0
1 0.218045112782 0.18 1 0 0 0 0 0 0 0 0 0 1 0 0 0 0 0 0 0 0 0 0 1 0 0 0 0 0.0526315789474 1 1 0.119402985075 1 0 1 0 0.072 7e-05 1
1 0.0651127819549 0.196428571429 0 1 0 0 0 0 1 0 0 0 0 0 0 0 0 0 0 0 0 0 1 0 0 0 0 0 0.0175438596491 1 0 0.0 0 0 1 0 0.04 0.0 1
0 0.132781954887 0.383928571429 0 1 0 0 0 0 0 0 0 0 0 0 0 1 0 0 0 0 0 0 1 0 0 0 0 0 0.0145614035088 1 1 0.0746268656716 1 0 1 0 0.0 0.0056 1
1 0.211729323308 0.0535714285714 0 1 0 0 0 0 0 0 0 0 0 1 0 0 0 0 0 0 0 0 1 0 0 0 0 0 0.0789473684211 0 1 0.0149253731343 1 0 1 0 0.05 3e-05 0
1 0.14030075188 0.410714285714 0 1 0 0 0 1 0 0 0 0 0 0 0 0 0 0 0 0 0 0 1 0 0 0 0 0 0.122807017544 1 1 0.134328358209 0 0 1 0 0.028 0.00742 1
0 0.274436090226 0.214285714286 0 1 0 0 1 0 0 0 0 0 0 0 0 0 0 0 0 0 0 0 1 0 0 0 0 0 0.0438596491228 0 0 0.0 0 0 1 0 0.136 0.0 0
1 0.199248120301 0.0267857142857 0 1 0 0 0 0 0 0 0 0 1 0 0 0 0 0 0 0 0 0 0 0 0 0 1 0 0.149122807018 1 1 0.044776119403 1 0 1 0 0.156 0.0015 1
1 0.161654135338 0.47625 1 0 0 0 0 0 0 0 1 0 0 0 0 0 0 0 0 0 0 0 1 0 0 0 0 0 0.00140350877193 0 0 0.0 1 0 1 0 0.06 0.00475 0
1 0.696691729323 0.517857142857 0 1 0 1 0 0 0 0 0 0 0 0 0 0 0 0 0 1 0 0 0 0 0 0 0 0 0.631578947368 1 1 0.223880597015 1 0 1 0 0.0 0.01 1
0 0.236842105263 0.0164285714286 0 1 0 0 0 0 1 0 0 0 0 0 0 0 0 0 0 0 0 0 1 0 0 0 0 0 0.0189473684211 1 1 0.0597014925373 0 0 1 0 0.19 0.005 1
1 0.186766917293 0.446428571429 1 0 0 0 0 0 1 0 0 0 0 0 0 0 0 0 0 0 0 0 0 0 0 0 1 0 0.0438596491228 0 0 0.0 1 0 1 0 0.0 0.00017 0
1 0.582706766917 0.232142857143 0 1 0 0 0 0 1 0 0 0 0 0 0 0 0 0 0 0 0 0 1 0 0 0 0 0 0.220701754386 1 1 0.223880597015 0 0 1 0 0.0 0.11202 1
0 0.147819548872 0.0296428571429 0 1 0 0 0 0 0 0 0 0 0 0 0 1 0 0 0 0 0 0 1 0 0 0 0 0 0.0145614035088 0 1 0.0149253731343 1 0 1 0 0.1 0.00011 0
1 0.0363909774436 0.00142857142857 0 1 0 0 0 0 0 0 0 0 1 0 0 0 0 0 0 0 0 0 1 0 0 0 0 0 0.00140350877193 0 0 0.0 0 0 1 0 0.0 0.0 1
1 0.10030075188 0.0 0 1 0 0 0 0 0 0 0 0 1 0 0 0 0 0 0 0 0 0 1 0 0 0 0 0 0.0 0 0 0.0 0 0 0 1 0.092 0.0 0
1 0.11022556391 0.147321428571 1 0 0 0 0 1 0 0 0 0 0 0 0 0 0 0 0 0 0 0 0 0 0 0 1 0 0.00140350877193 0 0 0.0 0 0 1 0 0.07 0.001 0
0 0.17037593985 0.0907142857143 1 0 0 0 0 0 0 0 1 0 0 0 0 0 0 0 0 0 0 0 1 0 0 0 0 0 0.00877192982456 1 0 0.0 1 0 1 0 0.185 0.0 1
1 0.246917293233 0.03875 1 0 0 0 0 0 0 0 0 0 1 0 0 0 0 0 0 0 0 0 1 0 0 0 0 0 0.00140350877193 0 0 0.0 0 0 1 0 0.085 0.00179 0
0 0.191729323308 0.0967857142857 1 0 0 0 0 0 0 0 0 0 1 0 0 0 0 0 0 0 0 0 1 0 0 0 0 0 0.00298245614035 0 0 0.0 0 1 0 0 0.04 0.0 0
1 0.0575939849624 0.357142857143 0 1 0 0 0 0 0 0 0 0 0 1 0 0 0 0 0 0 0 0 0 0 0 0 1 0 0.00578947368421 0 1 0.0149253731343 0 0 1 0 0.06 1e-05 0
0 0.161654135338 0.08625 1 0 0 0 0 0 0 0 0 0 1 0 0 0 0 0 0 0 0 0 1 0 0 0 0 0 0.0 0 0 0.0 0 0 1 0 0.06 0.0 0
0 0.267969924812 0.0535714285714 0 1 0 1 0 0 0 0 0 0 0 0 0 0 0 0 0 1 0 0 0 0 0 0 0 0 0.0 0 1 0.0298507462687 1 0 1 0 0.1 0.00105 0
1 0.15037593985 0.428571428571 0 1 0 0 0 0 0 0 0 0 1 0 0 0 0 0 0 0 0 0 1 0 0 0 0 0 0.0731578947368 0 0 0.0 0 1 0 0 0.04 0.0 0
0 0.248120300752 0.196428571429 0 1 0 0 0 0 1 0 0 0 0 0 0 0 0 0 0 0 0 0 1 0 0 0 0 0 0.19298245614 0 0 0.0 1 1 0 0 0.05 0.0 0
0 0.506315789474 0.107142857143 0 1 0 0 0 0 0 0 0 0 0 0 0 0 0 0 1 0 0 0 1 0 0 0 0 0 0.486842105263 1 1 0.0298507462687 1 0 1 0 0.2595 0.01704 1
1 0.101503759398 0.357142857143 1 0 0 0 0 0 0 0 0 0 1 0 0 0 0 0 0 0 0 0 1 0 0 0 0 0 0.0877192982456 1 0 0.0 0 1 0 0 0.02 0.0 1
1 0.169172932331 0.401785714286 0 1 0 0 0 0 0 0 0 0 1 0 0 0 0 0 0 0 0 0 1 0 0 0 0 0 0.0877192982456 1 1 0.253731343284 0 0 1 0 0.1 0.01208 1
1 0.286917293233 0.0892857142857 0 1 0 0 0 0 0 0 0 0 0 0 0 0 0 1 0 0 0 0 0 0 0 0 1 0 0.0964912280702 1 1 0.089552238806 0 0 1 0 0.08 0.02072 1
1 0.267969924812 0.107142857143 1 0 0 0 0 1 0 0 0 0 0 0 0 0 0 0 0 0 0 0 0 1 0 0 0 0 0.245614035088 0 0 0.0 0 0 1 0 0.0 1e-05 0
0 0.0651127819549 0.0133928571429 0 0 1 0 0 0 0 0 0 0 0 0 0 0 0 1 0 1 0 0 0 0 0 0 0 0 0.350877192982 0 0 0.0 1 1 0 0 0.15 0.0 1
1 0.184210526316 0.0357142857143 0 1 0 0 0 0 0 0 0 0 0 0 0 1 0 0 0 0 0 0 1 0 0 0 0 0 0.0614035087719 1 0 0.0 1 0 1 0 0.14 0.0 1
0 0.412330827068 0.232142857143 0 1 0 0 0 0 0 0 0 0 0 0 0 1 0 0 0 0 0 0 1 0 0 0 0 0 0.0175438596491 1 1 0.044776119403 1 0 1 0 0.0725 0.0 1
1 0.147819548872 0.0639285714286 0 1 0 0 0 0 0 0 0 0 1 0 0 0 0 0 0 0 0 0 1 0 0 0 0 0 0.0189473684211 0 0 0.0 1 0 1 0 0.068 1e-05 0
0 0.147819548872 0.0208928571429 1 0 0 1 0 0 0 0 0 0 0 0 0 0 0 0 0 1 0 0 0 0 0 0 0 0 0.00438596491228 0 0 0.0 0 0 1 0 0.06 0.00087 0
0 0.238045112782 0.0625 1 0 0 0 0 0 1 0 0 0 0 0 0 0 0 0 0 0 0 0 1 0 0 0 0 0 0.0438596491228 0 0 0.0 1 0 1 0 0.14 0.0 0
1 0.518796992481 0.895892857143 0 1 0 0 0 0 0 0 0 0 0 1 0 0 0 0 0 0 0 0 1 0 0 0 0 0 0.0614035087719 1 1 0.044776119403 0 0 1 0 0.06 0.00014 1
1 0.155338345865 0.03125 0 1 0 0 0 0 0 0 0 1 0 0 0 0 0 0 0 0 0 0 1 0 0 0 0 0 0.00298245614035 0 1 0.0597014925373 0 0 1 0 0.127 0.0195 0
0 0.0989473684211 0.357142857143 0 1 0 0 0 0 0 0 0 0 1 0 0 0 0 0 0 0 0 0 0 0 0 0 1 0 0.0350877192982 1 1 0.0597014925373 0 0 1 0 0.025 0.01465 1
0 0.0751879699248 0.267857142857 0 1 0 0 0 0 0 0 0 0 0 0 0 1 0 0 0 0 0 0 1 0 0 0 0 0 0.0950877192982 1 1 0.0746268656716 0 0 1 0 0.092 0.26726 1
1 0.280751879699 0.107142857143 0 1 0 0 1 0 0 0 0 0 0 0 0 0 0 0 0 0 0 0 1 0 0 0 0 0 0.00578947368421 0 0 0.0 1 0 1 0 0.06 0.0 0
1 0.393533834586 0.0192857142857 1 0 0 0 0 0 0 0 1 0 0 0 0 0 0 0 0 0 0 0 1 0 0 0 0 0 0.0175438596491 1 1 0.044776119403 0 0 1 0 0.1 0.01 1
1 0.14030075188 0.0 0 1 0 0 0 0 1 0 0 0 0 0 0 0 0 0 0 0 0 0 1 0 0 0 0 0 0.0350877192982 0 1 0.164179104478 0 1 0 0 0.0 0.0 0
1 0.169172932331 0.446428571429 0 1 0 0 0 0 0 0 1 0 0 0 0 0 0 0 0 0 0 0 1 0 0 0 0 0 0.105263157895 1 0 0.0 1 1 0 0 0.01 0.0 1
1 0.532631578947 0.0817857142857 0 1 0 1 0 0 0 0 0 0 0 0 0 0 0 0 0 1 0 0 0 0 0 0 0 0 0.0101754385965 0 0 0.0 0 0 1 0 0.1 3e-05 0
1 0.357142857143 0.0401785714286 1 0 0 0 1 0 0 0 0 0 0 0 0 0 0 0 0 0 0 0 1 0 0 0 0 0 0.0526315789474 0 0 0.0 1 0 1 0 0.2155 0.0 1
1 0.0563909774436 0.785714285714 0 0 1 1 0 0 0 0 0 0 0 0 0 0 0 0 0 0 0 0 0 0 0 1 0 0 0.0 0 0 0.0 1 0 0 1 0.225 1.0 1
1 0.104060150376 0.0446428571429 1 0 0 0 0 0 0 0 0 0 1 0 0 0 0 0 0 0 0 0 0 0 0 0 1 0 0.0482456140351 1 1 0.044776119403 1 0 1 0 0.07 0.0021 0
1 0.0651127819549 0.241071428571 1 0 0 0 0 0 0 0 0 1 0 0 0 0 0 0 0 0 0 0 1 0 0 0 0 0 0.00140350877193 0 0 0.0 0 0 1 0 0.07 0.0 0
0 0.290676691729 0.0580357142857 0 1 0 0 1 0 0 0 0 0 0 0 0 0 0 0 0 0 0 0 1 0 0 0 0 0 0.0189473684211 0 0 0.0 1 0 1 0 0.0 0.0 0
1 0.318345864662 0.0892857142857 0 1 0 0 0 0 0 0 0 0 0 1 0 0 0 0 0 0 0 0 1 0 0 0 0 0 0.0 1 0 0.0 1 0 1 0 0.1195 0.002 1
1 0.264360902256 0.696428571429 0 1 0 0 0 0 0 0 0 0 1 0 0 0 0 0 0 0 0 0 1 0 0 0 0 0 0.245614035088 1 1 0.238805970149 0 0 1 0 0.0 0.05 1
1 0.0387969924812 0.0982142857143 0 1 0 0 0 0 0 0 1 0 0 0 0 0 0 0 0 0 0 0 1 0 0 0 0 0 0.0233333333333 0 1 0.0149253731343 0 0 1 0 0.04 0.00021 0
0 0.279398496241 0.0192857142857 0 1 0 0 0 0 0 0 0 0 0 0 0 0 0 1 0 0 0 0 1 0 0 0 0 0 0.00140350877193 1 0 0.0 0 0 1 0 0.22 0.11177 1
1 0.17037593985 0.0610714285714 0 1 0 0 0 0 0 0 0 0 0 0 0 0 0 0 1 0 0 0 1 0 0 0 0 0 0.0584210526316 1 1 0.0149253731343 1 0 1 0 0.1975 0.0002 1
0 0.0864661654135 0.00589285714286 0 1 0 0 0 0 0 0 0 0 0 0 0 1 0 0 0 0 0 0 1 0 0 0 0 0 0.00140350877193 0 0 0.0 1 0 1 0 0.19 0.0 0
1 0.296992481203 0.0625 0 1 0 0 0 0 0 0 0 0 0 0 0 0 0 0 1 0 0 0 0 0 0 0 1 0 0.157894736842 1 1 0.0597014925373 1 0 1 0 0.1265 0.00857 1
1 0.0375939849624 0.0 1 0 0 0 0 0 0 0 1 0 0 0 0 0 0 0 0 0 0 0 1 0 0 0 0 0 0.00877192982456 0 0 0.0 0 0 1 0 0.03 0.0 0
0 0.756842105263 0.00589285714286 0 1 0 1 0 0 0 0 0 0 0 0 0 0 0 0 0 1 0 0 0 0 0 0 0 0 0.0 1 1 0.0149253731343 0 0 1 0 0.116 0.001 1
1 0.52 0.428571428571 0 1 0 0 0 0 0 0 0 1 0 0 0 0 0 0 0 0 0 0 1 0 0 0 0 0 0.561403508772 1 0 0.0 0 1 0 0 0.055 0.0 1
0 0.224360902256 0.0371428571429 0 1 0 0 0 0 0 0 0 0 1 0 0 0 0 0 0 0 0 0 1 0 0 0 0 0 0.0877192982456 1 1 0.0746268656716 1 0 1 0 0.15 0.0143 1
0 0.495037593985 0.0164285714286 0 1 0 0 0 0 0 0 0 0 0 0 0 0 0 1 0 0 0 0 0 0 0 0 1 0 0.0145614035088 1 1 0.164179104478 1 0 1 0 0.22 6e-05 1
1 0.0965413533835 0.200892857143 0 1 0 0 0 0 0 0 0 0 0 1 0 0 0 0 0 0 0 0 1 0 0 0 0 0 0.06 1 0 0.0 0 1 0 0 0.06 0.0 1
1 0.179248120301 0.116071428571 0 1 0 0 0 0 0 0 0 0 1 0 0 0 0 0 0 0 0 0 0 0 0 0 1 0 0.080350877193 0 1 0.0149253731343 1 0 1 0 0.208 0.00021 0
1 0.0965413533835 0.291785714286 0 1 0 0 0 0 0 0 1 0 0 0 0 0 0 0 0 0 0 0 1 0 0 0 0 0 0.0687719298246 1 1 0.208955223881 0 0 1 0 0.03 0.00158 1
0 0.86962406015 0.0 0 1 0 0 0 0 0 0 0 0 1 0 0 0 0 0 0 0 0 0 1 0 0 0 0 0 0.0 0 0 0.0 0 0 0 1 0.092 0.0 1
0 0.0815037593985 0.306607142857 0 1 0 0 0 0 0 0 0 0 0 0 0 0 0 1 0 0 0 0 0 0 0 0 1 0 0.0263157894737 1 1 0.10447761194 0 0 1 0 0.048 0.0 1
0 0.136541353383 0.0817857142857 0 1 0 0 0 0 0 0 0 0 0 0 0 1 0 0 0 0 0 0 0 0 0 0 1 0 0.080350877193 1 1 0.10447761194 1 0 1 0 0.07 0.02384 1
1 0.246917293233 0.0178571428571 0 1 0 0 0 0 0 0 0 0 1 0 0 0 0 0 0 0 0 0 1 0 0 0 0 0 0.0614035087719 1 1 0.164179104478 0 0 1 0 0.016 0.0054 1
1 0.383458646617 0.339285714286 0 1 0 0 0 0 0 0 0 1 0 0 0 0 0 0 0 0 0 0 1 0 0 0 0 0 0.228070175439 1 1 0.208955223881 0 0 1 0 0.12 0.04607 1
1 0.323308270677 0.113035714286 0 1 0 0 0 0 0 0 0 0 0 0 0 0 0 0 1 0 0 0 0 0 0 0 1 0 0.131578947368 1 0 0.0 1 0 1 0 0.34 0.0 0
0 0.215488721805 0.535714285714 1 0 0 0 0 0 0 0 0 0 0 0 1 0 0 0 0 0 0 0 0 0 0 0 0 1 0.0 1 0 0.0 0 0 1 0 0.0 0.13212 1
1 0.43984962406 0.0103571428571 1 0 0 0 0 0 0 0 0 0 0 0 0 0 0 1 0 0 0 0 0 0 0 0 1 0 0.0614035087719 1 1 0.119402985075 0 0 1 0 0.05 0.00375 1
1 0.398496240602 0.767857142857 0 1 0 0 0 0 0 0 0 0 0 0 1 0 0 0 0 0 0 0 0 0 0 0 0 1 0.701754385965 1 1 0.164179104478 0 0 1 0 0.0 0.012 1
0 0.105263157895 0.340714285714 0 1 0 0 0 1 0 0 0 0 0 0 0 0 0 0 0 0 0 0 1 0 0 0 0 0 0.00140350877193 0 0 0.0 0 0 1 0 0.1 0.01 0
0 0.300751879699 0.0267857142857 0 1 0 0 0 0 1 0 0 0 0 0 0 0 0 0 0 0 0 0 0 1 0 0 0 0 0.0350877192982 1 1 0.044776119403 1 0 1 0 0.106 0.0 0
1 0.152932330827 0.02375 0 1 0 0 0 0 0 0 0 0 1 0 0 0 0 0 0 0 0 0 1 0 0 0 0 0 0.00578947368421 0 0 0.0 0 0 1 0 0.05 0.0 1
1 0.388421052632 0.178571428571 0 1 0 1 0 0 0 0 0 0 0 0 0 0 0 0 0 1 0 0 0 0 0 0 0 0 0.0 0 1 0.0298507462687 0 0 1 0 0.0085 1e-05 0
1 0.141654135338 0.0 0 1 0 0 0 0 0 0 0 0 1 0 0 0 0 0 0 0 0 0 1 0 0 0 0 0 0.0 0 0 0.0 0 0 0 1 0.092 0.0 1
0 0.345864661654 0.183035714286 0 1 0 0 0 0 0 0 0 0 0 0 1 0 0 0 0 0 0 0 1 0 0 0 0 0 0.175438596491 1 0 0.0 1 0 1 0 0.0 0.04 1
0 0.0702255639098 0.330357142857 0 1 0 0 0 0 0 0 0 0 0 0 0 1 0 0 0 0 0 0 1 0 0 0 0 0 0.0424561403509 1 1 0.0597014925373 0 0 1 0 0.03 0.0054 1
0 0.106466165414 0.303571428571 0 1 0 0 0 0 0 0 0 0 1 0 0 0 0 0 0 0 0 0 1 0 0 0 0 0 0.00578947368421 0 0 0.0 0 0 1 0 0.0 0.00351 0
1 0.203007518797 0.0566071428571 0 1 0 0 0 0 0 0 0 0 0 0 0 0 0 1 0 0 0 0 0 0 0 0 1 0 0.0643859649123 1 1 0.179104477612 1 0 1 0 0.2915 0.00713 1
1 0.186766917293 0.00892857142857 0 1 0 0 0 1 0 0 0 0 0 0 0 0 0 0 0 0 0 0 0 1 0 0 0 0 0.0 1 0 0.0 1 0 1 0 0.0 0.0 1
1 0.354586466165 0.232142857143 0 1 0 0 0 0 0 0 0 1 0 0 0 0 0 0 0 0 0 0 0 0 0 0 1 0 0.149122807018 1 1 0.179104477612 1 0 1 0 0.0465 0.0 1
1 0.198045112782 0.0803571428571 0 1 0 0 0 1 0 0 0 0 0 0 0 0 0 0 0 0 0 0 0 1 0 0 0 0 0.0175438596491 0 0 0.0 1 0 1 0 0.32 0.04 0
1 0.267969924812 0.142857142857 1 0 0 0 0 1 0 0 0 0 0 0 0 0 0 0 0 0 0 0 1 0 0 0 0 0 0.00298245614035 0 0 0.0 1 0 1 0 0.2055 0.0 0
1 0.159097744361 0.236607142857 1 0 0 0 1 0 0 0 0 0 0 0 0 0 0 0 0 0 0 0 1 0 0 0 0 0 0.19298245614 1 0 0.0 1 1 0 0 0.05 0.0 1
1 0.16045112782 0.0714285714286 0 1 0 0 0 0 0 0 0 0 0 0 1 0 0 0 0 0 1 0 0 0 0 0 0 0 0.00578947368421 0 1 0.0298507462687 0 0 1 0 0.16 0.013 0
1 0.152932330827 0.0208928571429 1 0 0 0 0 0 0 0 0 0 0 0 0 0 0 1 0 0 0 0 0 0 0 0 1 0 0.00438596491228 0 0 0.0 0 0 1 0 0.12 1e-05 0
1 0.195488721805 0.160714285714 1 0 0 0 0 0 0 0 0 0 1 0 0 0 0 0 0 0 0 0 0 1 0 0 0 0 0.0877192982456 0 0 0.0 0 0 1 0 0.1 0.0121 0
0 0.303308270677 0.0566071428571 1 0 0 1 0 0 0 0 0 0 0 0 0 0 0 0 0 1 0 0 0 0 0 0 0 0 0.0 1 0 0.0 0 0 1 0 0.16 0.0 0
1 0.256842105263 0.0 0 1 0 0 0 0 0 0 0 0 0 1 0 0 0 0 0 0 0 0 1 0 0 0 0 0 0.0438596491228 1 1 0.0149253731343 0 0 1 0 0.101 0.0 1
0 0.587669172932 0.535714285714 0 1 0 0 0 0 0 0 0 0 1 0 0 0 0 0 0 0 0 0 1 0 0 0 0 0 0.19298245614 1 1 0.208955223881 0 0 1 0 0.0 0.022 1
1 0.109022556391 0.107142857143 1 0 0 0 1 0 0 0 0 0 0 0 0 0 0 0 0 0 0 0 1 0 0 0 0 0 0.0380701754386 1 1 0.119402985075 1 0 1 0 0.08 1e-05 1
1 0.125263157895 0.409285714286 0 1 0 0 0 0 1 0 0 0 0 0 0 0 0 0 0 0 0 0 1 0 0 0 0 0 0.0556140350877 0 0 0.0 1 0 1 0 0.05 0.01212 0
1 0.517593984962 0.125 0 1 0 0 0 0 0 0 1 0 0 0 0 0 0 0 0 0 0 0 1 0 0 0 0 0 0.122807017544 1 0 0.0 0 1 0 0 0.115 0.0 1
1 0.134135338346 0.00589285714286 0 1 0 0 0 0 0 0 0 0 1 0 0 0 0 0 0 0 0 1 0 0 0 0 0 0 0.0789473684211 0 0 0.0 1 1 0 0 0.0 0.0 1
1 0.31954887218 0.120535714286 0 1 0 0 0 0 0 0 0 0 1 0 0 0 0 0 0 0 0 0 0 0 0 0 1 0 0.290877192982 0 0 0.0 1 0 1 0 0.0 0.0 0
0 0.134135338346 0.0119642857143 0 1 0 0 0 0 0 0 0 0 0 0 0 1 0 0 0 0 0 0 1 0 0 0 0 0 0.0263157894737 0 0 0.0 0 1 0 0 0.08 0.0 0
1 0.0763909774436 0.0 0 1 0 0 0 0 0 0 0 0 0 0 0 1 0 0 0 0 0 0 1 0 0 0 0 0 0.0233333333333 0 0 0.0 0 0 1 0 0.08 1e-05 0
1 0.305714285714 0.0892857142857 0 1 0 0 0 0 0 0 0 0 1 0 0 0 0 0 0 0 0 0 1 0 0 0 0 0 0.0350877192982 0 0 0.0 0 0 1 0 0.23 0.00016 0
1 0.360902255639 0.25 0 1 0 0 0 0 0 0 0 0 0 0 0 1 0 0 0 0 0 0 0 0 0 0 1 0 0.40350877193 1 1 0.10447761194 1 0 1 0 0.15 5e-05 0
1 0.427368421053 0.18 0 1 0 0 0 0 0 0 0 0 0 0 0 1 0 0 0 0 0 0 0 0 0 0 1 0 0.447368421053 1 0 0.0 1 0 1 0 0.046 0.0 1
0 0.192932330827 0.0907142857143 1 0 0 1 0 0 0 0 0 0 0 0 0 0 0 0 0 1 0 0 0 0 0 0 0 0 0.0 0 0 0.0 1 0 1 0 0.09 0.0006 0
0 0.503759398496 0.0267857142857 0 1 0 0 0 0 0 0 0 0 0 0 0 1 0 0 0 0 0 0 0 0 0 0 1 0 0.0964912280702 1 1 0.0149253731343 0 0 1 0 0.1665 0.00892 1
0 0.542556390977 0.485178571429 0 1 0 0 0 0 1 0 0 0 0 0 0 0 0 0 0 0 0 0 0 0 0 0 1 0 0.298245614035 1 0 0.0 1 0 1 0 0.0 0.0 1
1 0.776992481203 0.392857142857 0 1 0 0 0 0 0 0 0 0 0 0 1 0 0 0 0 0 0 0 0 0 0 0 0 1 0.701754385965 1 1 0.10447761194 1 0 1 0 0.011 0.0 1
0 0.223007518797 0.133928571429 0 1 0 0 0 0 0 0 0 0 1 0 0 0 0 0 0 0 0 0 1 0 0 0 0 0 0.00877192982456 0 1 0.0149253731343 1 0 1 0 0.02 0.00154 0
0 0.631578947368 0.252857142857 0 1 0 0 0 0 1 0 0 0 0 0 0 0 0 0 0 0 0 0 0 0 0 0 1 0 0.236842105263 1 1 0.044776119403 1 0 1 0 0.05 0.0005 0
0 0.675488721805 0.159285714286 0 1 0 0 0 0 0 0 0 0 0 0 0 1 0 0 0 0 0 0 0 0 0 0 1 0 0.106666666667 1 1 0.089552238806 0 0 1 0 0.0215 0.0056 1
1 0.239398496241 0.0505357142857 0 1 0 0 0 0 0 0 0 0 0 1 0 0 0 0 0 0 0 0 0 0 0 0 1 0 0.0263157894737 1 1 0.0149253731343 0 0 1 0 0.12 0.001 1
1 0.307067669173 0.055 0 1 0 0 0 0 0 0 0 0 0 0 0 0 0 1 0 0 0 0 1 0 0 0 0 0 0.0540350877193 1 1 0.0149253731343 1 0 1 0 0.26 0.5 1
1 0.14030075188 0.410714285714 0 1 0 0 0 0 0 0 0 0 0 1 0 0 0 0 0 0 0 0 0 0 0 0 1 0 0.0745614035088 1 1 0.164179104478 1 0 1 0 0.145 0.00284 1
0 0.0763909774436 0.157678571429 1 0 0 0 0 0 0 0 0 0 1 0 0 0 0 0 0 0 0 0 0 0 0 0 1 0 0.105263157895 1 0 0.0 0 0 1 0 0.12 0.0 1
1 0.424812030075 0.00732142857143 0 1 0 0 0 1 0 0 0 0 0 0 0 0 0 0 0 0 0 0 0 0 0 0 1 0 0.179824561404 1 0 0.0 0 0 1 0 0.2 0.0 1
1 0.0664661654135 0.0878571428571 0 1 0 0 0 0 0 0 0 0 1 0 0 0 0 0 0 0 0 0 0 0 0 1 0 0 0.0336842105263 0 1 0.0298507462687 1 0 1 0 0.08 0.00587 0
1 0.121503759398 0.00892857142857 0 1 0 0 1 0 0 0 0 0 0 0 0 0 0 0 0 0 0 0 0 0 0 0 1 0 0.0233333333333 1 0 0.0 1 0 1 0 0.0 0.0 1
0 0.146616541353 0.321428571429 0 1 0 0 0 0 0 0 0 0 0 0 0 1 0 0 0 0 0 0 1 0 0 0 0 0 0.298245614035 1 1 0.0746268656716 1 0 1 0 0.06 0.0 1
1 0.322105263158 0.897321428571 0 1 0 0 0 0 0 0 0 0 0 0 0 0 0 0 1 0 0 0 0 0 0 0 1 0 0.0570175438596 1 1 0.0149253731343 1 0 1 0 0.2575 0.005 1
1 0.093984962406 0.0446428571429 1 0 0 0 0 0 1 0 0 0 0 0 0 0 0 0 0 0 0 0 1 0 0 0 0 0 0.00438596491228 0 0 0.0 0 0 1 0 0.07 4e-05 0
1 0.387218045113 0.0580357142857 0 1 0 0 0 0 0 0 0 0 1 0 0 0 0 0 0 0 0 0 1 0 0 0 0 0 0.0526315789474 0 0 0.0 0 0 1 0 0.0 0.00316 0
0 0.240601503759 0.02375 0 1 0 0 0 0 0 0 0 0 0 1 0 0 0 0 0 0 0 0 1 0 0 0 0 0 0.00877192982456 0 0 0.0 1 0 1 0 0.15 0.0 0
0 0.207969924812 0.107142857143 0 1 0 0 0 0 0 0 0 1 0 0 0 0 0 0 0 0 0 0 1 0 0 0 0 0 0.0978947368421 0 1 0.0149253731343 1 0 1 0 0.14 0.0001 0
1 0.565112781955 0.357142857143 0 1 0 0 0 1 0 0 0 0 0 0 0 0 0 0 0 0 0 0 0 1 0 0 0 0 0.0 1 1 0.164179104478 0 0 1 0 0.0 0.01249 1
0 0.378496240602 0.0594642857143 0 1 0 0 0 0 0 0 1 0 0 0 0 0 0 0 0 0 0 0 1 0 0 0 0 0 0.00877192982456 0 0 0.0 0 0 1 0 0.0 0.0039 0
0 0.659097744361 0.0714285714286 0 1 0 1 0 0 0 0 0 0 0 0 0 0 0 0 0 1 0 0 0 0 0 0 0 0 0.228070175439 0 1 0.0149253731343 0 0 1 0 0.0 0.0001 0
0 0.290676691729 0.165178571429 0 1 0 0 0 0 0 0 0 0 0 0 0 1 0 0 0 0 0 0 0 0 0 0 1 0 0.0570175438596 1 1 0.0298507462687 0 0 1 0 0.0 0.0 1
1 0.387218045113 0.151785714286 0 1 0 0 0 0 0 0 0 0 1 0 0 0 0 0 0 0 0 0 0 1 0 0 0 0 0.228070175439 1 1 0.238805970149 0 0 1 0 0.0585 0.0121 1
1 0.249323308271 0.0178571428571 0 1 0 0 1 0 0 0 0 0 0 0 0 0 0 0 0 0 0 0 0 0 0 0 1 0 0.00298245614035 0 0 0.0 1 1 0 0 0.126 0.0 0
1 0.152932330827 0.0535714285714 0 1 0 0 1 0 0 0 0 0 0 0 0 0 0 0 0 0 0 0 0 0 0 0 1 0 0.0657894736842 1 1 0.089552238806 0 0 1 0 0.1 0.00327 1
1 0.308270676692 0.107142857143 0 1 0 0 0 0 0 0 0 0 0 0 0 0 0 1 0 0 0 0 0 0 0 0 1 0 0.260175438596 1 0 0.0 1 0 1 0 0.0 0.0 1
0 0.0951879699248 0.0446428571429 0 1 0 0 0 0 0 0 0 0 1 0 0 0 0 0 0 0 0 0 1 0 0 0 0 0 0.0 0 0 0.0 0 0 1 0 0.0 0.0 0
1 0.388421052632 0.496964285714 0 1 0 0 0 0 0 0 0 0 0 1 0 0 0 0 0 0 0 0 1 0 0 0 0 0 0.302631578947 1 1 0.089552238806 1 0 1 0 0.035 0.0 1
1 0.195488721805 0.0401785714286 0 1 0 0 0 0 0 0 0 0 0 0 0 0 0 0 1 0 0 0 0 0 0 0 1 0 0.0438596491228 1 0 0.0 0 0 1 0 0.0 0.05298 1
1 0.203007518797 0.0223214285714 0 1 0 0 0 0 0 0 1 0 0 0 0 0 0 0 0 0 0 0 1 0 0 0 0 0 0.0159649122807 1 0 0.0 1 0 1 0 0.1 0.0 0
1 0.147819548872 0.0298214285714 0 1 0 0 0 1 0 0 0 0 0 0 0 0 0 0 0 0 0 0 0 0 0 0 1 0 0.00298245614035 0 0 0.0 1 0 1 0 0.11 5e-05 0
