1 0.300751879699 0.0982142857143 0 1 0 0 0 1 0 0 0 0 0 0 0 0 0 0 0 0 0 0 0 1 0 0 0 0 0.0 0 0 0.0 0 0 1 0 0.09 0.0 0
1 0.0977443609023 0.355714285714 0 1 0 0 0 0 0 0 0 0 0 0 1 0 0 0 0 0 1 0 0 0 0 0 0 0 0.0 1 0 0.0 0 0 1 0 0.0 0.0 1
1 0.228120300752 0.0133928571429 0 1 0 0 0 0 0 0 0 0 1 0 0 0 0 0 0 0 0 0 1 0 0 0 0 0 0.0101754385965 0 0 0.0 0 0 1 0 0.11 0.0014 0
1 0.165413533835 0.0192857142857 0 1 0 0 0 0 0 0 0 1 0 0 0 0 0 0 0 0 0 0 1 0 0 0 0 0 0.0350877192982 0 0 0.0 1 0 1 0 0.06 1e-05 0
1 0.526315789474 0.303571428571 0 1 0 0 0 0 0 0 0 0 1 0 0 0 0 0 0 0 0 0 0 0 0 0 1 0 0.438596491228 1 1 0.134328358209 0 0 1 0 0.0905 0.01655 1
1 0.0852631578947 0.0535714285714 1 0 0 0 0 0 0 0 0 0 0 0 0 0 0 1 0 0 0 0 1 0 0 0 0 0 0.0701754385965 1 0 0.0 1 0 1 0 0.05 0.0002 0
1 0.323308270677 0.589285714286 1 0 0 0 0 0 0 0 0 0 1 0 0 0 0 0 0 0 0 0 1 0 0 0 0 0 0.140350877193 1 0 0.0 0 0 1 0 0.04 0.0 0
0 0.146616541353 0.0535714285714 0 1 0 0 0 0 0 0 0 0 0 1 0 0 0 0 0 0 0 0 1 0 0 0 0 0 0.030701754386 0 0 0.0 1 0 1 0 0.08 0.0 0
1 0.51007518797 0.0103571428571 0 1 0 0 0 0 0 0 0 0 1 0 0 0 0 0 0 0 0 0 0 1 0 0 0 0 0.526315789474 1 1 0.298507462687 0 0 1 0 0.0 0.15 1
0 0.0300751879699 0.0133928571429 0 1 0 0 0 0 0 0 0 0 1 0 0 0 0 0 0 0 0 0 1 0 0 0 0 0 0.0350877192982 0 0 0.0 0 0 1 0 0.06 0.00018 0
1 0.169172932331 0.446428571429 0 1 0 0 0 0 0 0 1 0 0 0 0 0 0 0 0 0 0 0 1 0 0 0 0 0 0.105263157895 1 0 0.0 1 1 0 0 0.01 0.0 1
1 0.152932330827 0.0535714285714 0 1 0 0 1 0 0 0 0 0 0 0 0 0 0 0 0 0 0 0 0 0 0 0 1 0 0.0657894736842 1 1 0.089552238806 0 0 1 0 0.1 0.00327 1
1 0.45984962406 0.0178571428571 0 1 0 0 0 1 0 0 0 0 0 0 0 0 0 0 0 0 0 0 0 0 0 0 1 0 0.175438596491 1 0 0.0 1 0 1 0 0.16 0.0 1
1 0.322105263158 0.160714285714 0 1 0 0 0 0 0 0 0 0 0 0 0 0 0 0 1 0 0 0 0 0 0 0 1 0 0.201754385965 0 0 0.0 1 1 0 0 0.3555 0.0 1
1 0.0575939849624 0.357142857143 0 1 0 0 0 0 0 0 0 0 0 1 0 0 0 0 0 0 0 0 0 0 0 0 1 0 0.00578947368421 0 1 0.0149253731343 0 0 1 0 0.06 1e-05 0
0 0.122857142857 0.416607142857 0 1 0 0 0 0 1 0 0 0 0 0 0 0 0 0 0 0 0 0 0 0 0 0 1 0 0.00298245614035 0 0 0.0 0 0 1 0 0.16 5e-05 0
1 0.340902255639 0.0267857142857 1 0 0 0 1 0 0 0 0 0 0 0 0 0 0 0 0 0 0 0 1 0 0 0 0 0 0.0205263157895 0 0 0.0 0 0 1 0 0.12 3e-05 0
1 0.354586466165 0.232142857143 0 1 0 0 0 0 0 0 0 1 0 0 0 0 0 0 0 0 0 0 0 0 0 0 1 0 0.149122807018 1 1 0.179104477612 1 0 1 0 0.0465 0.0 1
0 0.651578947368 0.0119642857143 0 1 0 0 0 1 0 0 0 0 0 0 0 0 0 0 0 0 0 0 0 1 0 0 0 0 0.0350877192982 1 0 0.0 1 0 1 0 0.126 0.02197 0
1 0.305714285714 0.0892857142857 0 1 0 0 0 0 0 0 0 0 1 0 0 0 0 0 0 0 0 0 1 0 0 0 0 0 0.0350877192982 0 0 0.0 0 0 1 0 0.23 0.00016 0
1 0.127819548872 0.0164285714286 0 1 0 0 0 0 1 0 0 0 0 0 0 0 0 0 0 0 0 0 1 0 0 0 0 0 0.00438596491228 0 0 0.0 1 0 1 0 0.14 0.00055 0
1 0.572631578947 0.107142857143 1 0 0 1 0 0 0 0 0 0 0 0 0 0 0 0 0 1 0 0 0 0 0 0 0 0 0.0526315789474 0 0 0.0 0 0 1 0 0.09 4e-05 0
1 0.115338345865 0.0267857142857 1 0 0 0 0 0 0 0 0 0 0 0 0 0 1 0 0 0 0 0 0 0 0 1 0 0 0.0263157894737 0 0 0.0 1 0 1 0 0.066 2e-05 0
0 0.106466165414 0.0178571428571 1 0 0 0 0 0 0 0 0 0 0 0 1 0 0 0 0 0 1 0 0 0 0 0 0 0 0.0350877192982 0 0 0.0 0 0 1 0 0.13 0.0 0
1 0.292030075188 0.113035714286 1 0 0 0 0 0 0 0 0 0 0 0 0 0 0 0 1 0 0 0 1 0 0 0 0 0 0.111052631579 1 1 0.044776119403 1 0 1 0 0.19 0.0 1
1 0.136541353383 0.107142857143 0 1 0 0 0 0 0 0 0 1 0 0 0 0 0 0 0 0 0 0 1 0 0 0 0 0 0.0452631578947 1 1 0.0149253731343 0 0 1 0 0.13 0.008 1
1 0.360902255639 0.25 0 1 0 0 0 0 0 0 0 0 0 0 0 1 0 0 0 0 0 0 0 0 0 0 1 0 0.40350877193 1 1 0.10447761194 1 0 1 0 0.15 5e-05 0
0 0.587669172932 0.535714285714 0 1 0 0 0 0 0 0 0 0 1 0 0 0 0 0 0 0 0 0 1 0 0 0 0 0 0.19298245614 1 1 0.208955223881 0 0 1 0 0.0 0.022 1
0 0.595187969925 0.00589285714286 0 1 0 1 0 0 0 0 0 0 0 0 0 0 0 0 0 1 0 0 0 0 0 0 0 0 0.0 0 0 0.0 1 1 0 0 0.031 0.00027 0
1 0.194285714286 0.520892857143 0 1 0 0 0 1 0 0 0 0 0 0 0 0 0 0 0 0 0 0 0 1 0 0 0 0 0.0 0 0 0.0 1 0 1 0 0.089 0.0 0
1 0.278195488722 0.00589285714286 1 0 0 0 0 0 0 0 0 0 1 0 0 0 0 0 0 0 0 0 0 0 0 0 1 0 0.114035087719 1 1 0.0149253731343 1 0 1 0 0.216 0.08 1
1 0.137894736842 0.00607142857143 0 1 0 0 0 0 0 0 0 1 0 0 0 0 0 0 0 0 0 0 1 0 0 0 0 0 0.00298245614035 0 0 0.0 0 1 0 0 0.0 0.0 0
0 0.204210526316 0.0594642857143 0 1 0 1 0 0 0 0 0 0 0 0 0 0 0 0 0 1 0 0 0 0 0 0 0 0 0.0 0 0 0.0 0 0 1 0 0.17 1e-05 0
1 0.125263157895 0.409285714286 0 1 0 0 0 0 1 0 0 0 0 0 0 0 0 0 0 0 0 0 1 0 0 0 0 0 0.0556140350877 0 0 0.0 1 0 1 0 0.05 0.01212 0
1 0.142857142857 0.0535714285714 0 1 0 0 0 0 0 0 0 0 0 0 0 1 0 0 0 0 0 0 1 0 0 0 0 0 0.0833333333333 1 1 0.044776119403 1 0 1 0 0.0 0.00582 1
1 0.231879699248 0.125 0 1 0 0 0 0 0 0 0 0 0 1 0 0 0 0 0 0 0 0 1 0 0 0 0 0 0.122807017544 1 1 0.044776119403 1 0 1 0 0.1645 0.0 0
1 0.228120300752 0.535714285714 0 1 0 0 0 0 0 0 0 0 1 0 0 0 0 0 0 0 0 0 0 0 0 0 1 0 0.187192982456 1 1 0.164179104478 0 0 1 0 0.0 0.02283 1
1 0.572631578947 0.0728571428571 1 0 0 1 0 0 0 0 0 0 0 0 0 0 0 0 0 1 0 0 0 0 0 0 0 0 0.0526315789474 0 0 0.0 0 0 1 0 0.06 1e-05 0
1 0.0563909774436 0.785714285714 0 0 1 1 0 0 0 0 0 0 0 0 0 0 0 0 0 0 0 0 0 0 0 1 0 0 0.0 0 0 0.0 1 0 0 1 0.225 1.0 1
1 0.538796992481 0.678571428571 0 1 0 1 0 0 0 0 0 0 0 0 0 0 0 0 0 1 0 0 0 0 0 0 0 0 0.0 1 1 0.0149253731343 0 0 1 0 0.047 0.0 0
1 0.357142857143 0.0401785714286 1 0 0 0 1 0 0 0 0 0 0 0 0 0 0 0 0 0 0 0 1 0 0 0 0 0 0.0526315789474 0 0 0.0 1 0 1 0 0.2155 0.0 1
0 0.169172932331 0.03125 0 1 0 0 0 0 0 0 0 0 0 0 0 0 0 0 1 0 0 0 0 0 0 0 1 0 0.0364912280702 1 0 0.0 1 0 1 0 0.08 0.0586 1
0 0.274436090226 0.214285714286 0 1 0 0 1 0 0 0 0 0 0 0 0 0 0 0 0 0 0 0 1 0 0 0 0 0 0.0438596491228 0 0 0.0 0 0 1 0 0.136 0.0 0
1 0.155338345865 0.321428571429 0 1 0 0 0 0 0 0 1 0 0 0 0 0 0 0 0 0 0 0 1 0 0 0 0 0 0.00877192982456 0 0 0.0 1 0 1 0 0.0 0.0 0
0 0.221804511278 0.0357142857143 0 1 0 0 0 0 0 0 0 0 0 0 0 1 0 0 0 0 0 0 1 0 0 0 0 0 0.0350877192982 1 1 0.0298507462687 1 0 1 0 0.0835 0.005 0
0 0.0951879699248 0.0446428571429 0 1 0 0 0 0 0 0 0 0 1 0 0 0 0 0 0 0 0 0 1 0 0 0 0 0 0.0 0 0 0.0 0 0 1 0 0.0 0.0 0
0 0.15037593985 0.0253571428571 0 1 0 0 0 0 0 0 0 0 0 1 0 0 0 0 0 0 0 0 1 0 0 0 0 0 0.00877192982456 0 1 0.0149253731343 1 0 1 0 0.12 4e-05 0
0 0.198045112782 0.482142857143 0 1 0 0 0 0 0 0 0 0 0 0 0 1 0 0 0 0 0 0 0 0 0 0 1 0 0.175438596491 1 1 0.0298507462687 0 0 1 0 0.0 0.05 1
1 0.0726315789474 0.3675 0 1 0 1 0 0 0 0 0 0 0 0 0 0 0 0 0 1 0 0 0 0 0 0 0 0 0.0145614035088 0 0 0.0 0 0 1 0 0.04 0.0 0
1 0.0714285714286 0.0714285714286 0 1 0 0 0 1 0 0 0 0 0 0 0 0 0 0 0 0 0 0 1 0 0 0 0 0 0.0526315789474 1 1 0.0298507462687 0 0 1 0 0.06 0.003 1
0 0.0338345864662 0.00589285714286 0 1 0 0 0 0 0 0 1 0 0 0 0 0 0 0 0 0 0 0 1 0 0 0 0 0 0.0350877192982 0 1 0.0298507462687 1 0 1 0 0.16 1e-05 0
1 0.267969924812 0.0223214285714 0 1 0 0 0 0 1 0 0 0 0 0 0 0 0 0 0 0 0 0 1 0 0 0 0 0 0.00877192982456 0 0 0.0 0 0 1 0 0.19 0.0201 0
1 0.142857142857 0.0357142857143 0 1 0 0 0 0 0 0 0 0 1 0 0 0 0 0 0 0 0 0 1 0 0 0 0 0 0.029298245614 1 0 0.0 0 1 0 0 0.15 0.0 1
0 0.105263157895 0.366071428571 0 1 0 0 0 0 0 0 0 0 0 0 0 1 0 0 0 0 0 0 1 0 0 0 0 0 0.0249122807018 1 1 0.0298507462687 1 0 1 0 0.0245 0.0 1
1 0.458646616541 0.392857142857 1 0 0 0 1 0 0 0 0 0 0 0 0 0 0 0 0 0 0 0 1 0 0 0 0 0 0.0526315789474 1 0 0.0 0 1 0 0 0.0 0.0 0
1 0.121503759398 0.055 0 1 0 0 0 0 1 0 0 0 0 0 0 0 0 0 0 0 0 0 1 0 0 0 0 0 0.00298245614035 0 0 0.0 1 0 1 0 0.178 0.0 0
1 0.634135338346 0.410714285714 0 1 0 1 0 0 0 0 0 0 0 0 0 0 0 0 0 1 0 0 0 0 0 0 0 0 0.175438596491 1 1 0.0746268656716 0 0 1 0 0.0 0.08851 1
1 0.137894736842 0.113035714286 1 0 0 0 0 0 0 0 0 0 1 0 0 0 0 0 0 0 0 0 1 0 0 0 0 0 0.00578947368421 0 0 0.0 0 0 1 0 0.08 0.01058 0
1 0.16045112782 0.440535714286 0 1 0 0 0 0 0 0 0 0 0 0 0 1 0 0 0 0 0 0 0 0 0 0 1 0 0.0556140350877 1 0 0.0 1 0 1 0 0.06 0.0 1
1 0.0363909774436 0.00142857142857 0 1 0 0 0 0 0 0 0 0 1 0 0 0 0 0 0 0 0 0 1 0 0 0 0 0 0.00140350877193 0 0 0.0 0 0 1 0 0.0 0.0 1
1 0.105263157895 0.181607142857 1 0 0 0 0 0 0 1 0 0 0 0 0 0 0 0 0 0 0 0 1 0 0 0 0 0 0.0101754385965 0 0 0.0 0 0 1 0 0.07 0.00184 0
1 0.315789473684 0.0892857142857 0 1 0 0 0 0 0 0 0 0 0 0 0 0 0 1 0 0 0 0 0 1 0 0 0 0 0.0175438596491 0 0 0.0 0 0 1 0 0.174 0.0 0
1 0.171729323308 0.125 0 1 0 0 0 0 0 0 0 0 0 0 0 0 0 1 0 0 0 0 1 0 0 0 0 0 0.0219298245614 1 1 0.10447761194 0 0 1 0 0.0 0.07059 1
1 0.186766917293 0.446428571429 1 0 0 0 0 0 1 0 0 0 0 0 0 0 0 0 0 0 0 0 0 0 0 0 1 0 0.0438596491228 0 0 0.0 1 0 1 0 0.0 0.00017 0
1 1.0 0.196428571429 0 1 0 0 0 0 0 0 0 0 1 0 0 0 0 0 0 0 0 0 1 0 0 0 0 0 0.0189473684211 1 0 0.0 0 0 1 0 0.0 0.0034 0
1 0.0815037593985 0.0 1 0 0 0 0 0 0 0 0 1 0 0 0 0 0 0 0 0 0 0 0 1 0 0 0 0 0.0 0 0 0.0 1 1 0 0 0.25 1e-05 1
1 0.109022556391 0.171071428571 1 0 0 0 0 0 0 0 0 0 0 1 0 0 0 0 0 0 0 0 1 0 0 0 0 0 0.0789473684211 1 1 0.0149253731343 1 0 1 0 0.04 0.003 1
0 0.542556390977 0.485178571429 0 1 0 0 0 0 1 0 0 0 0 0 0 0 0 0 0 0 0 0 0 0 0 0 1 0 0.298245614035 1 0 0.0 1 0 1 0 0.0 0.0 1
0 0.270676691729 0.107142857143 1 0 0 0 0 0 0 1 0 0 0 0 0 0 0 0 0 0 0 1 0 0 0 0 0 0 0.0 0 0 0.0 0 0 1 0 0.08 0.0002 0
0 0.101503759398 0.422678571429 0 1 0 0 0 0 0 0 0 0 1 0 0 0 0 0 0 0 0 0 0 0 0 0 1 0 0.210526315789 1 0 0.0 0 0 1 0 0.17 0.0 1
1 0.263157894737 0.0401785714286 0 1 0 1 0 0 0 0 0 0 0 0 0 0 0 0 0 1 0 0 0 0 0 0 0 0 0.0 0 1 0.0149253731343 0 0 1 0 0.048 0.00019 0
0 0.172932330827 0.482142857143 1 0 0 1 0 0 0 0 0 0 0 0 0 0 0 0 0 1 0 0 0 0 0 0 0 0 0.0701754385965 0 1 0.0149253731343 1 0 1 0 0.1 1e-05 0
1 0.357142857143 0.0298214285714 0 1 0 0 0 0 0 0 0 0 0 0 1 0 0 0 0 0 0 0 1 0 0 0 0 0 0.00140350877193 0 0 0.0 0 0 1 0 0.06 5e-05 0
1 0.196691729323 0.0192857142857 0 1 0 0 0 0 1 0 0 0 0 0 0 0 0 0 0 1 0 0 0 0 0 0 0 0 0.0 0 0 0.0 0 0 1 0 0.05 0.0 0
1 0.442406015038 0.0803571428571 0 1 0 0 0 1 0 0 0 0 0 0 0 0 0 0 0 0 0 0 0 1 0 0 0 0 0.0263157894737 1 0 0.0 0 0 1 0 0.28 0.0 0
1 0.035037593985 0.0267857142857 0 1 0 0 0 0 0 0 0 0 1 0 0 0 0 0 0 0 0 0 1 0 0 0 0 0 0.0614035087719 1 1 0.0746268656716 1 0 1 0 0.176 0.0069 1
1 0.111578947368 0.00892857142857 1 0 0 0 0 0 0 0 0 0 1 0 0 0 0 0 0 0 0 0 0 0 0 0 1 0 0.00877192982456 0 0 0.0 0 0 1 0 0.14 0.00204 0
0 0.223007518797 0.0594642857143 0 1 0 0 0 0 0 0 0 0 0 0 0 1 0 0 0 0 0 0 1 0 0 0 0 0 0.0847368421053 1 0 0.0 1 0 1 0 0.22 0.0 0
1 0.0589473684211 0.159285714286 0 1 0 0 0 0 0 0 0 0 1 0 0 0 0 0 0 0 0 0 1 0 0 0 0 0 0.00877192982456 0 0 0.0 0 1 0 0 0.04 0.0 0
0 0.18045112782 0.0178571428571 0 1 0 0 0 0 0 0 0 0 1 0 0 0 0 0 0 0 0 0 0 0 0 0 1 0 0.030701754386 1 0 0.0 1 0 1 0 0.2455 0.0 1
0 0.360902255639 0.196428571429 0 1 0 0 0 0 0 0 0 0 0 0 0 1 0 0 0 0 0 0 1 0 0 0 0 0 0.00438596491228 1 0 0.0 1 0 1 0 0.114 0.0 1
1 0.241804511278 0.125 0 1 0 0 0 0 0 0 0 0 1 0 0 0 0 0 0 0 0 0 1 0 0 0 0 0 0.00578947368421 0 0 0.0 0 0 1 0 0.108 0.0 0
1 0.374736842105 0.0075 0 1 0 0 0 0 1 0 0 0 0 0 0 0 0 0 0 0 0 0 1 0 0 0 0 0 0.00298245614035 1 0 0.0 1 0 1 0 0.14 0.0 1
0 0.174135338346 0.0744642857143 0 1 0 0 0 0 0 0 0 0 1 0 0 0 0 0 0 0 0 0 0 0 0 0 1 0 0.0964912280702 1 0 0.0 1 0 1 0 0.18 1e-05 0
0 0.169172932331 0.392857142857 1 0 0 0 0 0 0 0 1 0 0 0 0 0 0 0 0 0 0 0 1 0 0 0 0 0 0.157894736842 1 0 0.0 0 0 1 0 0.06 0.0 0
1 0.253082706767 0.0967857142857 1 0 0 0 0 0 0 0 0 1 0 0 0 0 0 0 0 0 0 0 1 0 0 0 0 0 0.00438596491228 0 0 0.0 1 1 0 0 0.04 0.0 0
1 0.382255639098 0.0580357142857 0 1 0 0 0 0 0 0 0 0 1 0 0 0 0 0 0 0 0 0 1 0 0 0 0 0 0.0526315789474 1 1 0.149253731343 0 0 1 0 0.093 0.047 1
1 0.745563909774 0.0192857142857 0 1 0 0 0 0 0 0 0 0 1 0 0 0 0 0 0 0 0 0 1 0 0 0 0 0 0.0205263157895 1 1 0.044776119403 1 0 1 0 0.09 0.0 0
1 0.265714285714 0.553571428571 0 1 0 0 0 0 0 0 0 0 1 0 0 0 0 0 0 0 0 0 1 0 0 0 0 0 0.0175438596491 1 0 0.0 0 0 1 0 0.06 0.0 0
1 0.307067669173 0.3275 0 1 0 0 0 0 0 0 0 0 1 0 0 0 0 0 0 0 0 0 1 0 0 0 0 0 0.157894736842 1 1 0.179104477612 1 0 1 0 0.0 0.00221 1
1 0.179248120301 0.446428571429 0 1 0 0 0 0 0 0 0 0 0 0 0 0 0 1 0 0 0 0 1 0 0 0 0 0 0.0424561403509 1 1 1.0 1 0 1 0 0.07 0.00258 1
1 0.101503759398 0.08625 0 1 0 0 0 0 0 0 0 0 1 0 0 0 0 0 0 0 0 0 1 0 0 0 0 0 0.0701754385965 1 1 0.164179104478 1 0 1 0 0.1 0.03 1
1 0.897293233083 0.633928571429 0 1 0 1 0 0 0 0 0 0 0 0 0 0 0 0 0 1 0 0 0 0 0 0 0 0 0.0 1 0 0.0 1 0 1 0 0.0 0.0 1
1 0.0 0.142857142857 1 0 0 0 0 0 0 0 0 0 0 1 0 0 0 0 0 0 0 0 1 0 0 0 0 0 0.0614035087719 1 1 0.0298507462687 1 0 1 0 0.06 0.01 1
1 0.256842105263 0.0 0 1 0 0 0 0 0 0 0 0 0 1 0 0 0 0 0 0 0 0 1 0 0 0 0 0 0.0438596491228 1 1 0.0149253731343 0 0 1 0 0.101 0.0 1
1 0.116541353383 0.410714285714 0 1 0 0 0 1 0 0 0 0 0 0 0 0 0 0 0 0 0 0 1 0 0 0 0 0 0.0175438596491 1 0 0.0 1 0 1 0 0.05 0.00068 0
1 0.412330827068 0.0476785714286 0 1 0 0 1 0 0 0 0 0 0 0 0 0 0 0 0 0 0 0 1 0 0 0 0 0 0.00578947368421 0 0 0.0 0 0 1 0 0.084 0.0 0
1 0.392180451128 0.0178571428571 0 1 0 0 0 0 0 0 0 1 0 0 0 0 0 0 0 0 0 0 1 0 0 0 0 0 0.00877192982456 1 0 0.0 0 1 0 0 0.144 0.0 0
1 0.210526315789 0.0208928571429 1 0 0 0 0 0 0 0 0 0 0 0 0 0 0 1 0 0 0 0 1 0 0 0 0 0 0.00877192982456 1 1 0.0298507462687 0 0 1 0 0.13 0.005 1
0 0.161654135338 0.0178571428571 0 1 0 0 0 0 0 0 0 0 0 0 0 1 0 0 0 0 0 0 0 0 0 0 1 0 0.0526315789474 1 0 0.0 0 0 1 0 0.14 0.00824 1
1 0.246917293233 0.232142857143 0 1 0 0 0 0 0 0 0 0 0 0 0 0 0 1 0 0 0 0 1 0 0 0 0 0 0.109649122807 1 1 0.119402985075 0 0 1 0 0.165 0.012 1
0 0.0676691729323 0.357142857143 0 1 0 0 0 0 0 0 0 0 0 1 0 0 0 0 0 0 0 0 1 0 0 0 0 0 0.0350877192982 0 1 0.0149253731343 0 0 1 0 0.06 1e-05 0
1 0.146616541353 0.0982142857143 0 1 0 1 0 0 0 0 0 0 0 0 0 0 0 0 0 1 0 0 0 0 0 0 0 0 0.157894736842 0 0 0.0 0 0 1 0 0.08 0.00025 0
1 0.280751879699 0.0773214285714 1 0 0 0 0 0 1 0 0 0 0 0 0 0 0 0 0 1 0 0 0 0 0 0 0 0 0.0 0 0 0.0 0 0 1 0 0.06 0.0 0
1 0.245563909774 0.0371428571429 1 0 0 0 0 1 0 0 0 0 0 0 0 0 0 0 0 0 0 0 0 1 0 0 0 0 0.0175438596491 1 1 0.149253731343 1 0 1 0 0.066 0.00028 0
1 0.556390977444 0.0208928571429 0 1 0 1 0 0 0 0 0 0 0 0 0 0 0 0 0 1 0 0 0 0 0 0 0 0 0.0 0 0 0.0 0 0 1 0 0.0725 0.0 0
0 0.671729323308 0.75 0 1 0 0 0 1 0 0 0 0 0 0 0 0 0 0 0 0 0 0 0 1 0 0 0 0 0.350877192982 1 1 0.194029850746 0 0 1 0 0.0 0.067 1
1 0.0789473684211 0.0 1 0 0 1 0 0 0 0 0 0 0 0 0 0 0 0 0 1 0 0 0 0 0 0 0 0 0.0 0 1 0.0597014925373 0 0 1 0 0.0225 1e-05 0
0 0.165413533835 0.488035714286 0 1 0 0 0 0 0 0 0 0 0 0 0 1 0 0 0 0 0 0 0 0 0 0 1 0 0.0526315789474 0 0 0.0 0 0 1 0 0.14 1e-05 0
0 0.86962406015 0.0 0 1 0 0 0 0 0 0 0 0 1 0 0 0 0 0 0 0 0 0 1 0 0 0 0 0 0.0 0 0 0.0 0 0 0 1 0.092 0.0 1
1 0.141654135338 0.0 0 1 0 0 0 0 0 0 0 0 1 0 0 0 0 0 0 0 0 0 1 0 0 0 0 0 0.0 0 0 0.0 0 0 0 1 0.092 0.0 1
1 0.378496240602 0.0625 0 1 0 0 0 0 1 0 0 0 0 0 0 0 0 0 0 0 0 0 1 0 0 0 0 0 0.0175438596491 0 0 0.0 1 0 1 0 0.15 2e-05 0
0 0.825864661654 0.535714285714 0 1 0 0 0 0 0 0 0 0 0 0 1 0 0 0 0 0 0 0 0 0 0 0 0 1 0.0 1 1 0.208955223881 0 0 1 0 0.0 0.03376 1
1 0.0839097744361 0.339285714286 0 1 0 0 0 0 0 0 0 0 0 0 0 1 0 0 0 0 0 0 1 0 0 0 0 0 0.0350877192982 1 0 0.0 1 0 1 0 0.03 0.004 1
1 0.512481203008 0.14875 0 1 0 0 0 0 0 0 0 0 0 0 0 0 0 0 1 0 0 0 0 1 0 0 0 0 0.00298245614035 0 0 0.0 1 0 1 0 0.26 0.0 0
1 0.0676691729323 0.00589285714286 0 1 0 0 1 0 0 0 0 0 0 0 0 0 0 0 0 0 0 0 1 0 0 0 0 0 0.00877192982456 0 0 0.0 1 1 0 0 0.14 0.0 0
1 0.15037593985 0.0148214285714 1 0 0 0 0 0 0 0 0 0 1 0 0 0 0 0 0 0 0 0 1 0 0 0 0 0 0.00140350877193 0 1 0.0298507462687 0 0 1 0 0.064 6e-05 0
1 0.263157894737 0.10125 0 1 0 1 0 0 0 0 0 0 0 0 0 0 0 0 0 1 0 0 0 0 0 0 0 0 0.0 0 1 0.0746268656716 0 0 1 0 0.088 0.00146 0
0 0.205563909774 0.517857142857 0 1 0 0 0 0 0 0 0 0 0 0 0 0 0 0 1 0 0 0 0 0 0 0 1 0 0.108245614035 1 1 0.0149253731343 0 0 1 0 0.06 0.00011 1
1 0.284511278195 0.196428571429 0 1 0 0 0 0 0 0 0 0 0 0 0 1 0 0 0 0 0 0 0 0 0 0 1 0 0.19298245614 1 1 0.179104477612 1 0 1 0 0.204 0.01 1
1 0.387218045113 0.151785714286 0 1 0 0 0 0 0 0 0 0 1 0 0 0 0 0 0 0 0 0 0 1 0 0 0 0 0.228070175439 1 1 0.238805970149 0 0 1 0 0.0585 0.0121 1
0 0.316992481203 0.0446428571429 1 0 0 0 0 1 0 0 0 0 0 0 0 0 0 0 0 0 0 0 0 0 0 0 1 0 0.0175438596491 0 0 0.0 1 0 1 0 0.08 0.0 0
0 0.325864661654 0.428571428571 0 1 0 0 0 0 0 0 0 0 0 0 0 1 0 0 0 0 0 0 0 0 0 0 1 0 0.491228070175 1 1 0.119402985075 0 0 1 0 0.0 0.0659 1
1 0.292030075188 0.108571428571 1 0 0 0 0 0 0 0 0 0 1 0 0 0 0 0 0 0 0 0 0 0 0 0 1 0 0.0715789473684 1 1 0.0149253731343 1 0 1 0 0.09 0.18027 1
1 0.418496240602 0.0625 0 1 0 0 0 0 1 0 0 0 0 0 0 0 0 0 0 0 0 0 1 0 0 0 0 0 0.00736842105263 1 0 0.0 0 0 1 0 0.08 0.0 0
1 0.417293233083 0.055 0 1 0 0 0 1 0 0 0 0 0 0 0 0 0 0 0 0 0 0 0 1 0 0 0 0 0.122807017544 0 0 0.0 0 0 1 0 0.108 0.0 1
0 0.756842105263 0.00589285714286 0 1 0 1 0 0 0 0 0 0 0 0 0 0 0 0 0 1 0 0 0 0 0 0 0 0 0.0 1 1 0.0149253731343 0 0 1 0 0.116 0.001 1
0 0.137894736842 0.41375 0 1 0 0 0 0 0 0 0 0 0 0 0 0 0 1 0 0 0 0 1 0 0 0 0 0 0.00140350877193 1 0 0.0 0 0 1 0 0.04 0.01349 1
0 0.293233082707 0.107142857143 1 0 0 0 0 0 0 0 1 0 0 0 0 0 0 0 0 0 0 0 1 0 0 0 0 0 0.0701754385965 0 0 0.0 0 0 1 0 0.09 0.0 0
0 0.0538345864662 0.339285714286 0 1 0 0 0 0 0 0 1 0 0 0 0 0 0 0 0 0 0 0 1 0 0 0 0 0 0.0614035087719 0 1 0.149253731343 1 0 1 0 0.0 0.0001 0
1 0.58015037594 0.0491071428571 1 0 0 0 0 0 0 0 0 0 1 0 0 0 0 0 0 0 0 0 0 0 0 0 1 0 0.331929824561 1 0 0.0 1 0 1 0 0.1 0.001 0
0 0.106466165414 0.107142857143 0 1 0 0 0 0 0 0 1 0 0 0 0 0 0 0 0 0 0 0 1 0 0 0 0 0 0.00140350877193 1 0 0.0 0 0 1 0 0.05 0.0 1
0 0.0413533834586 0.0446428571429 0 1 0 0 0 0 0 0 0 0 0 0 0 1 0 0 0 0 0 0 1 0 0 0 0 0 0.00877192982456 0 1 0.0149253731343 0 0 1 0 0.054 0.00098 0
1 0.344661654135 0.0714285714286 0 1 0 0 0 1 0 0 0 0 0 0 0 0 0 0 0 0 0 0 1 0 0 0 0 0 0.00877192982456 0 0 0.0 1 0 1 0 0.1105 0.0 0
0 0.104060150376 0.0655357142857 0 1 0 0 0 0 0 0 0 0 0 0 0 1 0 0 0 0 0 0 1 0 0 0 0 0 0.0731578947368 1 1 0.0746268656716 0 0 1 0 0.11 0.02503 1
1 0.51007518797 0.0892857142857 0 1 0 0 0 0 0 0 0 1 0 0 0 0 0 0 0 0 0 0 0 1 0 0 0 0 0.0877192982456 1 1 0.179104477612 1 0 1 0 0.205 0.0251 1
1 0.10030075188 0.0 0 1 0 0 0 0 0 0 0 0 1 0 0 0 0 0 0 0 0 0 1 0 0 0 0 0 0.0 0 0 0.0 0 0 0 1 0.092 0.0 0
0 0.0951879699248 0.00446428571429 0 1 0 0 0 0 0 0 0 0 0 0 0 1 0 0 0 0 0 0 1 0 0 0 0 0 0.0350877192982 0 1 0.0149253731343 0 0 1 0 0.12 0.00768 1
0 0.147819548872 0.410714285714 1 0 0 0 0 0 1 0 0 0 0 0 0 0 0 0 0 0 0 0 0 0 0 0 1 0 0.105263157895 0 0 0.0 1 0 1 0 0.01 0.00016 0
0 0.035037593985 0.0119642857143 0 1 0 1 0 0 0 0 0 0 0 0 0 0 0 0 0 1 0 0 0 0 0 0 0 0 0.0 0 1 0.0149253731343 0 0 1 0 0.08 0.00126 0
0 0.221804511278 0.108571428571 1 0 0 0 0 0 0 0 0 0 0 0 0 0 0 0 1 0 0 0 0 0 0 0 1 0 0.0891228070175 1 1 0.0149253731343 0 0 1 0 0.035 0.0 1
0 0.457443609023 0.238035714286 0 1 0 0 0 0 0 0 0 0 0 0 0 1 0 0 0 0 0 0 1 0 0 0 0 0 0.258771929825 1 1 0.044776119403 1 0 1 0 0.0 0.0 1
1 0.144060150376 0.415178571429 1 0 0 0 0 0 0 0 0 0 0 1 0 0 0 0 0 0 0 0 1 0 0 0 0 0 0.029298245614 1 0 0.0 1 0 1 0 0.08 0.003 1
0 0.161654135338 0.455357142857 0 1 0 0 0 0 0 0 0 0 1 0 0 0 0 0 0 0 0 0 0 1 0 0 0 0 0.166666666667 1 1 0.0298507462687 0 0 1 0 0.0365 0.00444 1
0 0.577744360902 0.0 1 0 0 1 0 0 0 0 0 0 0 0 0 0 0 0 0 1 0 0 0 0 0 0 0 0 0.0 0 0 0.0 0 0 1 0 0.0 0.0 0
1 0.318345864662 0.178571428571 0 1 0 0 0 0 0 0 0 0 0 0 0 0 0 0 1 0 0 0 0 0 0 0 1 0 0.263157894737 1 1 0.089552238806 1 0 1 0 0.0 0.01 1
0 0.238045112782 0.0625 1 0 0 0 0 0 1 0 0 0 0 0 0 0 0 0 0 0 0 0 1 0 0 0 0 0 0.0438596491228 0 0 0.0 1 0 1 0 0.14 0.0 0
1 0.0664661654135 0.366071428571 0 1 0 0 0 0 0 0 0 0 1 0 0 0 0 0 0 0 0 0 0 0 0 0 1 0 0.0380701754386 0 0 0.0 0 0 1 0 0.16 0.00013 0
1 0.662857142857 0.251428571429 0 1 0 0 0 0 0 0 0 1 0 0 0 0 0 0 0 0 0 0 1 0 0 0 0 0 0.491228070175 1 1 0.089552238806 1 0 1 0 0.18 0.01332 1
1 0.275639097744 0.142857142857 0 1 0 0 0 0 0 0 0 1 0 0 0 0 0 0 0 0 0 0 1 0 0 0 0 0 0.0877192982456 1 0 0.0 1 0 1 0 0.18 0.0 1
1 0.211729323308 0.0535714285714 0 1 0 0 0 0 0 0 0 0 0 1 0 0 0 0 0 0 0 0 1 0 0 0 0 0 0.0789473684211 0 1 0.0149253731343 1 0 1 0 0.05 3e-05 0
1 0.179248120301 0.116071428571 0 1 0 0 0 0 0 0 0 0 1 0 0 0 0 0 0 0 0 0 0 0 0 0 1 0 0.080350877193 0 1 0.0149253731343 1 0 1 0 0.208 0.00021 0
1 0.271879699248 0.0892857142857 0 1 0 0 0 0 0 0 1 0 0 0 0 0 0 0 0 0 0 0 1 0 0 0 0 0 0.263157894737 1 0 0.0 1 0 1 0 0.2615 0.0 0
0 0.248120300752 0.196428571429 0 1 0 0 0 0 1 0 0 0 0 0 0 0 0 0 0 0 0 0 1 0 0 0 0 0 0.19298245614 0 0 0.0 1 1 0 0 0.05 0.0 0
1 0.565112781955 0.357142857143 0 1 0 0 0 1 0 0 0 0 0 0 0 0 0 0 0 0 0 0 0 1 0 0 0 0 0.0 1 1 0.164179104478 0 0 1 0 0.0 0.01249 1
0 0.216842105263 0.0133928571429 0 1 0 0 0 0 0 0 0 0 0 0 0 1 0 0 0 0 0 0 1 0 0 0 0 0 0.0205263157895 1 1 0.0597014925373 0 0 1 0 0.04 0.0 1
1 0.162857142857 0.0446428571429 0 1 0 0 0 0 0 0 0 0 1 0 0 0 0 0 0 0 0 0 1 0 0 0 0 0 0.00877192982456 0 0 0.0 0 0 1 0 0.055 0.0 0
1 0.313233082707 0.0 0 1 0 0 0 0 0 0 0 0 1 0 0 0 0 0 0 0 0 0 1 0 0 0 0 0 0.0 0 0 0.0 0 0 0 1 0.092 0.0 0
1 0.289473684211 0.0892857142857 1 0 0 0 0 0 0 0 0 0 0 1 0 0 0 0 0 0 0 0 1 0 0 0 0 0 0.245614035088 0 0 0.0 1 0 1 0 0.14 0.0 0
0 0.278195488722 0.0535714285714 0 1 0 0 0 0 0 0 0 0 1 0 0 0 0 0 0 0 0 0 1 0 0 0 0 0 0.00877192982456 0 0 0.0 1 0 1 0 0.186 0.00122 0
0 0.209323308271 0.0728571428571 0 1 0 0 0 0 0 0 0 0 0 1 0 0 0 0 0 0 0 0 1 0 0 0 0 0 0.00877192982456 0 0 0.0 1 0 1 0 0.09 0.0005 0
1 0.0651127819549 0.241071428571 1 0 0 0 0 0 0 0 0 1 0 0 0 0 0 0 0 0 0 0 1 0 0 0 0 0 0.00140350877193 0 0 0.0 0 0 1 0 0.07 0.0 0
1 0.225563909774 0.0416071428571 0 1 0 0 0 0 1 0 0 0 0 0 0 0 0 0 0 0 0 0 1 0 0 0 0 0 0.0175438596491 1 0 0.0 0 1 0 0 0.14 0.0 0
1 0.437293233083 0.165178571429 0 1 0 0 0 0 0 0 0 0 0 0 0 1 0 0 0 0 0 0 1 0 0 0 0 0 0.160701754386 1 0 0.0 0 1 0 0 0.0 0.0 1
1 0.259398496241 0.0744642857143 0 1 0 0 0 0 0 0 0 0 1 0 0 0 0 0 0 0 0 0 1 0 0 0 0 0 0.00298245614035 0 0 0.0 0 0 1 0 0.15 0.0 0
1 0.186766917293 0.0298214285714 0 1 0 0 0 0 0 0 0 0 0 0 0 0 0 1 0 0 0 0 1 0 0 0 0 0 0.0408771929825 0 0 0.0 0 0 1 0 0.05 0.0 0
1 0.285714285714 0.0833928571429 0 1 0 0 1 0 0 0 0 0 0 0 0 0 0 0 0 0 0 0 0 0 0 0 1 0 0.201754385965 0 0 0.0 1 0 1 0 0.146 0.0 0
0 0.105263157895 0.340714285714 0 1 0 0 0 1 0 0 0 0 0 0 0 0 0 0 0 0 0 0 1 0 0 0 0 0 0.00140350877193 0 0 0.0 0 0 1 0 0.1 0.01 0
1 0.284511278195 0.321428571429 1 0 0 0 0 0 0 0 0 0 0 1 0 0 0 0 0 0 0 0 0 0 0 0 1 0 0.184210526316 1 0 0.0 1 0 1 0 0.077 0.0 1
1 0.318345864662 0.0892857142857 0 1 0 0 0 0 0 0 0 0 0 1 0 0 0 0 0 0 0 0 1 0 0 0 0 0 0.0 1 0 0.0 1 0 1 0 0.1195 0.002 1
1 0.211729323308 0.0535714285714 0 1 0 0 0 0 0 0 0 0 0 1 0 0 0 0 0 0 0 0 1 0 0 0 0 0 0.0701754385965 1 1 0.164179104478 1 0 1 0 0.217 0.00035 1
1 0.0789473684211 0.0625 1 0 0 0 0 0 0 0 0 0 1 0 0 0 0 0 0 0 0 0 1 0 0 0 0 0 0.0819298245614 0 0 0.0 1 0 1 0 0.056 6e-05 0
