0 0.651578947368 0.696428571429 0 1 0 0 0 0 0 0 0 0 1 0 0 0 0 0 0 0 0 0 1 0 0 0 0 0 0.19298245614 1 1 0.10447761194 0 0 1 0 0.0 0.03 1
1 0.280751879699 0.0773214285714 1 0 0 0 0 0 1 0 0 0 0 0 0 0 0 0 0 1 0 0 0 0 0 0 0 0 0.0 0 0 0.0 0 0 1 0 0.06 0.0 0
1 0.526315789474 0.940535714286 1 0 0 1 0 0 0 0 0 0 0 0 0 0 0 0 0 1 0 0 0 0 0 0 0 0 0.0 1 0 0.0 1 0 1 0 0.0 0.0 0
0 0.174135338346 0.0744642857143 0 1 0 0 0 0 0 0 0 0 1 0 0 0 0 0 0 0 0 0 0 0 0 0 1 0 0.0964912280702 1 0 0.0 1 0 1 0 0.18 1e-05 0
1 0.40977443609 0.00142857142857 0 1 0 0 0 0 0 0 0 0 0 0 1 0 0 0 0 0 0 0 1 0 0 0 0 0 0.00140350877193 0 1 0.0149253731343 0 1 0 0 0.28 0.0 1
1 0.134135338346 0.375 0 1 0 0 0 0 0 0 0 0 0 0 0 1 0 0 0 0 0 0 0 0 0 0 1 0 0.0468421052632 1 0 0.0 0 0 1 0 0.05 0.0 1
0 0.587669172932 0.535714285714 0 1 0 0 0 0 0 0 0 0 1 0 0 0 0 0 0 0 0 0 1 0 0 0 0 0 0.19298245614 1 1 0.208955223881 0 0 1 0 0.0 0.022 1
1 0.155338345865 0.321428571429 0 1 0 0 0 0 0 0 1 0 0 0 0 0 0 0 0 0 0 0 1 0 0 0 0 0 0.00877192982456 0 0 0.0 1 0 1 0 0.0 0.0 0
1 0.288270676692 0.0892857142857 0 1 0 0 0 0 0 0 1 0 0 0 0 0 0 0 0 0 0 0 1 0 0 0 0 0 0.0614035087719 0 1 0.0298507462687 1 0 1 0 0.36 0.0 0
1 0.437293233083 0.0446428571429 0 1 0 0 0 0 0 0 0 1 0 0 0 0 0 0 0 0 0 0 1 0 0 0 0 0 0.486842105263 0 1 0.0149253731343 1 0 1 0 0.176 0.00112 0
0 0.345864661654 0.183035714286 0 1 0 0 0 0 0 0 0 0 0 0 1 0 0 0 0 0 0 0 1 0 0 0 0 0 0.175438596491 1 0 0.0 1 0 1 0 0.0 0.04 1
0 0.343308270677 0.0103571428571 0 1 0 1 0 0 0 0 0 0 0 0 0 0 0 0 0 1 0 0 0 0 0 0 0 0 0.0 0 1 0.149253731343 0 0 1 0 0.1 0.00018 0
1 0.33954887218 0.0758928571429 1 0 0 0 0 0 0 0 0 0 0 1 0 0 0 0 0 0 0 0 1 0 0 0 0 0 0.00298245614035 1 1 0.0149253731343 0 0 1 0 0.025 0.01187 1
0 0.486165413534 0.107142857143 0 1 0 0 0 0 0 0 0 0 1 0 0 0 0 0 0 0 0 0 1 0 0 0 0 0 0.0833333333333 1 1 0.119402985075 1 0 1 0 0.198 0.04159 1
1 0.209323308271 0.0714285714286 0 1 0 0 0 0 0 0 0 0 0 0 0 0 0 0 1 0 0 0 0 0 0 0 1 0 0.0350877192982 1 1 0.0597014925373 0 0 1 0 0.07 0.07544 1
0 0.10030075188 0.375 1 0 0 0 0 0 0 0 0 0 0 0 0 0 0 0 1 0 0 0 0 0 0 0 1 0 0.0 0 0 0.0 1 0 1 0 0.077 0.00032 0
1 0.273233082707 0.159285714286 0 1 0 0 0 0 0 0 0 0 0 0 0 0 0 1 0 0 0 0 0 0 0 0 1 0 0.211929824561 1 1 0.044776119403 0 0 1 0 0.1555 0.003 1
1 0.259398496241 0.0744642857143 0 1 0 0 0 0 0 0 0 0 1 0 0 0 0 0 0 0 0 0 1 0 0 0 0 0 0.00298245614035 0 0 0.0 0 0 1 0 0.15 0.0 0
1 0.378496240602 0.0625 0 1 0 0 0 0 1 0 0 0 0 0 0 0 0 0 0 0 0 0 1 0 0 0 0 0 0.0175438596491 0 0 0.0 1 0 1 0 0.15 2e-05 0
1 0.313233082707 0.0 0 1 0 0 0 0 0 0 0 0 1 0 0 0 0 0 0 0 0 0 1 0 0 0 0 0 0.0 0 0 0.0 0 0 0 1 0.092 0.0 0
1 0.113984962406 0.375 0 1 0 0 0 0 0 0 0 0 1 0 0 0 0 0 0 0 0 0 1 0 0 0 0 0 0.105263157895 1 0 0.0 1 0 1 0 0.0 0.0 1
1 0.662857142857 0.251428571429 0 1 0 0 0 0 0 0 0 1 0 0 0 0 0 0 0 0 0 0 1 0 0 0 0 0 0.491228070175 1 1 0.089552238806 1 0 1 0 0.18 0.01332 1
0 0.159097744361 0.0892857142857 1 0 0 0 0 1 0 0 0 0 0 0 0 0 0 0 0 0 0 0 0 1 0 0 0 0 0.157894736842 0 0 0.0 0 0 1 0 0.1 0.00456 0
0 0.236842105263 0.03875 1 0 0 0 0 0 0 0 0 0 0 0 0 0 0 0 1 0 0 0 1 0 0 0 0 0 0.0350877192982 0 0 0.0 0 0 1 0 0.14 0.00013 0
1 0.116541353383 0.348214285714 0 1 0 0 0 0 0 0 0 0 1 0 0 0 0 0 0 0 0 0 1 0 0 0 0 0 0.00877192982456 1 0 0.0 0 0 1 0 0.07 0.0 0
1 0.33954887218 0.135357142857 0 1 0 0 0 0 0 0 0 0 0 1 0 0 0 0 0 0 0 0 1 0 0 0 0 0 0.0408771929825 1 0 0.0 1 0 1 0 0.1 0.0 0
0 0.161654135338 0.08625 1 0 0 0 0 0 0 0 0 0 1 0 0 0 0 0 0 0 0 0 1 0 0 0 0 0 0.0 0 0 0.0 0 0 1 0 0.06 0.0 0
0 0.0864661654135 0.00589285714286 0 1 0 0 0 0 0 0 0 0 0 0 0 1 0 0 0 0 0 0 1 0 0 0 0 0 0.00140350877193 0 0 0.0 1 0 1 0 0.19 0.0 0
1 0.109022556391 0.171071428571 1 0 0 0 0 0 0 0 0 0 0 1 0 0 0 0 0 0 0 0 1 0 0 0 0 0 0.0789473684211 1 1 0.0149253731343 1 0 1 0 0.04 0.003 1
0 0.0326315789474 0.102678571429 0 1 0 0 0 0 0 0 0 0 0 0 0 1 0 0 0 0 0 0 1 0 0 0 0 0 0.00298245614035 0 0 0.0 0 0 1 0 0.06 0.0 0
0 0.0312781954887 0.272321428571 0 1 0 0 0 0 0 0 0 0 0 0 0 1 0 0 0 0 0 0 1 0 0 0 0 0 0.00438596491228 0 1 0.0149253731343 1 0 1 0 0.0 0.0016 0
1 0.0876691729323 0.0208928571429 0 1 0 1 0 0 0 0 0 0 0 0 0 0 0 0 0 1 0 0 0 0 0 0 0 0 0.0 0 1 0.044776119403 0 0 1 0 0.175 0.00769 0
1 0.286917293233 0.0892857142857 0 1 0 0 0 0 0 0 0 0 0 0 0 0 0 1 0 0 0 0 0 0 0 0 1 0 0.0964912280702 1 1 0.089552238806 0 0 1 0 0.08 0.02072 1
1 0.125263157895 0.409285714286 0 1 0 0 0 0 1 0 0 0 0 0 0 0 0 0 0 0 0 0 1 0 0 0 0 0 0.0556140350877 0 0 0.0 1 0 1 0 0.05 0.01212 0
0 0.53007518797 0.0535714285714 0 1 0 0 0 0 0 1 0 0 0 0 0 0 0 0 0 0 0 1 0 0 0 0 0 0 0.0 1 0 0.0 1 0 1 0 0.05 0.00027 0
0 0.223007518797 0.133928571429 0 1 0 0 0 0 0 0 0 0 1 0 0 0 0 0 0 0 0 0 1 0 0 0 0 0 0.00877192982456 0 1 0.0149253731343 1 0 1 0 0.02 0.00154 0
0 0.322105263158 0.133928571429 0 1 0 1 0 0 0 0 0 0 0 0 0 0 0 0 0 1 0 0 0 0 0 0 0 0 0.0 0 1 0.089552238806 0 0 1 0 0.0 0.002 0
1 0.111578947368 0.0 0 1 0 0 0 0 0 0 0 0 1 0 0 0 0 0 0 0 0 0 1 0 0 0 0 0 0.0175438596491 0 0 0.0 1 1 0 0 0.0 0.0 0
1 0.203007518797 0.0223214285714 0 1 0 0 0 0 0 0 1 0 0 0 0 0 0 0 0 0 0 0 1 0 0 0 0 0 0.0159649122807 1 0 0.0 1 0 1 0 0.1 0.0 0
0 0.10030075188 0.267857142857 0 1 0 0 0 0 1 0 0 0 0 0 0 0 0 0 0 0 0 0 1 0 0 0 0 0 0.0526315789474 1 1 0.0149253731343 0 0 1 0 0.08 0.00234 1
0 0.39969924812 0.269285714286 1 0 0 0 0 0 0 0 0 0 0 0 0 1 0 0 0 0 0 0 0 0 0 0 1 0 0.280701754386 1 1 0.208955223881 0 0 1 0 0.0 0.023 1
1 0.177894736842 0.0119642857143 0 1 0 0 0 0 1 0 0 0 0 0 0 0 0 0 0 0 0 0 0 0 0 0 1 0 0.122807017544 0 0 0.0 1 0 1 0 0.17 0.0 0
0 0.105263157895 0.369107142857 0 1 0 0 0 0 0 0 0 0 0 0 0 0 0 1 0 0 0 0 0 0 0 0 1 0 0.0117543859649 1 1 0.0149253731343 1 0 1 0 0.04 0.0005 1
1 0.246917293233 0.232142857143 0 1 0 0 0 0 0 0 0 0 0 0 0 0 0 1 0 0 0 0 1 0 0 0 0 0 0.109649122807 1 1 0.119402985075 0 0 1 0 0.165 0.012 1
1 0.209323308271 0.0267857142857 0 1 0 0 0 0 0 0 0 0 0 0 0 1 0 0 0 0 0 0 0 0 0 0 1 0 0.00578947368421 0 0 0.0 1 0 1 0 0.11 0.00251 0
0 0.0763909774436 0.340714285714 0 1 0 0 0 0 0 0 1 0 0 0 0 0 0 0 0 0 0 0 1 0 0 0 0 0 0.00298245614035 1 0 0.0 0 0 1 0 0.05 0.0 1
1 0.0864661654135 0.0103571428571 0 1 0 0 0 0 1 0 0 0 0 0 0 0 0 0 0 0 0 0 1 0 0 0 0 0 0.0101754385965 0 0 0.0 0 0 1 0 0.14 0.00364 0
0 0.0589473684211 0.0 1 0 0 0 0 0 0 1 0 0 0 0 0 0 0 0 0 1 0 0 0 0 0 0 0 0 0.0 0 0 0.0 0 0 1 0 0.043 0.0 0
1 0.0627067669173 0.00732142857143 0 1 0 0 0 0 0 0 1 0 0 0 0 0 0 0 0 0 0 0 1 0 0 0 0 0 0.00140350877193 0 0 0.0 0 0 1 0 0.14 0.0075 0
1 0.211729323308 0.0357142857143 1 0 0 0 1 0 0 0 0 0 0 0 0 0 0 0 0 0 0 0 0 0 0 0 1 0 0.105263157895 0 0 0.0 0 0 1 0 0.088 0.00537 0
1 0.51007518797 0.0103571428571 0 1 0 0 0 0 0 0 0 0 1 0 0 0 0 0 0 0 0 0 0 1 0 0 0 0 0.526315789474 1 1 0.298507462687 0 0 1 0 0.0 0.15 1
1 0.171729323308 0.214285714286 0 1 0 0 0 0 0 0 0 0 1 0 0 0 0 0 0 0 0 0 1 0 0 0 0 0 0.0350877192982 1 1 0.044776119403 0 0 1 0 0.0 0.0 1
1 0.310827067669 0.0476785714286 0 1 0 0 0 1 0 0 0 0 0 0 0 0 0 0 0 0 0 0 0 1 0 0 0 0 0.00438596491228 0 0 0.0 1 0 1 0 0.22 0.045 0
0 0.209323308271 0.0728571428571 0 1 0 0 0 0 0 0 0 0 0 1 0 0 0 0 0 0 0 0 1 0 0 0 0 0 0.00877192982456 0 0 0.0 1 0 1 0 0.09 0.0005 0
0 0.267969924812 0.401785714286 0 1 0 1 0 0 0 0 0 0 0 0 0 0 0 0 0 1 0 0 0 0 0 0 0 0 0.0 0 0 0.0 0 0 1 0 0.092 0.052 0
0 0.270676691729 0.107142857143 1 0 0 0 0 0 0 1 0 0 0 0 0 0 0 0 0 0 0 1 0 0 0 0 0 0 0.0 0 0 0.0 0 0 1 0 0.08 0.0002 0
1 0.523759398496 0.00732142857143 1 0 0 0 0 0 1 0 0 0 0 0 0 0 0 0 0 0 0 0 1 0 0 0 0 0 0.00877192982456 1 1 0.164179104478 0 0 1 0 0.19 0.02732 1
0 0.250676691729 0.0491071428571 0 1 0 0 0 0 0 0 0 0 0 1 0 0 0 0 0 0 0 0 0 0 0 0 1 0 0.00140350877193 0 1 0.044776119403 0 0 1 0 0.0 0.00033 0
0 0.131578947368 0.0148214285714 0 1 0 0 0 1 0 0 0 0 0 0 0 0 0 0 0 0 0 0 1 0 0 0 0 0 0.0117543859649 0 0 0.0 1 1 0 0 0.072 0.0 0
0 0.0702255639098 0.330357142857 0 1 0 0 0 0 0 0 0 0 0 0 0 1 0 0 0 0 0 0 1 0 0 0 0 0 0.0424561403509 1 1 0.0597014925373 0 0 1 0 0.03 0.0054 1
0 0.368421052632 0.214285714286 0 1 0 0 0 0 1 0 0 0 0 0 0 0 0 0 0 0 0 0 1 0 0 0 0 0 0.0350877192982 1 0 0.0 1 0 1 0 0.0 0.0 1
1 0.0500751879699 0.00303571428571 1 0 0 0 0 0 0 0 0 0 1 0 0 0 0 0 0 0 0 0 1 0 0 0 0 0 0.00140350877193 0 0 0.0 0 0 1 0 0.07 0.00722 0
0 0.378496240602 0.0594642857143 0 1 0 0 0 0 0 0 1 0 0 0 0 0 0 0 0 0 0 0 1 0 0 0 0 0 0.00877192982456 0 0 0.0 0 0 1 0 0.0 0.0039 0
1 0.310827067669 0.151785714286 0 1 0 0 0 1 0 0 0 0 0 0 0 0 0 0 0 0 0 0 0 1 0 0 0 0 0.114035087719 1 1 0.0298507462687 0 0 1 0 0.137 0.0061 1
1 0.0 0.142857142857 1 0 0 0 0 0 0 0 0 0 0 1 0 0 0 0 0 0 0 0 1 0 0 0 0 0 0.0614035087719 1 1 0.0298507462687 1 0 1 0 0.06 0.01 1
1 0.0664661654135 0.0878571428571 0 1 0 0 0 0 0 0 0 0 1 0 0 0 0 0 0 0 0 0 0 0 0 1 0 0 0.0336842105263 0 1 0.0298507462687 1 0 1 0 0.08 0.00587 0
1 0.189172932331 0.464285714286 0 1 0 0 0 0 0 0 0 0 0 0 1 0 0 0 0 0 1 0 0 0 0 0 0 0 0.0 0 0 0.0 1 0 1 0 0.07 0.0111 0
1 0.0726315789474 0.3675 0 1 0 1 0 0 0 0 0 0 0 0 0 0 0 0 0 1 0 0 0 0 0 0 0 0 0.0145614035088 0 0 0.0 0 0 1 0 0.04 0.0 0
1 0.186766917293 0.446428571429 1 0 0 0 0 0 1 0 0 0 0 0 0 0 0 0 0 0 0 0 0 0 0 0 1 0 0.0438596491228 0 0 0.0 1 0 1 0 0.0 0.00017 0
1 0.382255639098 0.0610714285714 0 1 0 0 0 0 0 0 0 0 0 0 0 0 0 0 1 0 0 0 1 0 0 0 0 0 0.00438596491228 1 1 0.0746268656716 1 0 1 0 0.24 0.0 1
1 0.354586466165 0.0951785714286 0 1 0 0 0 0 0 0 0 0 0 0 0 0 0 1 0 0 0 0 1 0 0 0 0 0 0.00578947368421 0 0 0.0 1 0 1 0 0.0 0.00501 0
1 0.414736842105 0.0 0 1 0 0 0 0 0 0 0 0 1 0 0 0 0 0 0 0 0 0 0 1 0 0 0 0 0.526315789474 1 0 0.0 0 0 1 0 0.0 0.0 1
0 0.161654135338 0.0625 1 0 0 0 0 0 0 0 0 0 1 0 0 0 0 0 0 0 0 0 1 0 0 0 0 0 0.00578947368421 0 0 0.0 0 0 1 0 0.066 0.0 0
1 0.10030075188 0.03875 0 1 0 0 0 0 0 0 0 0 0 0 0 1 0 0 0 0 0 0 1 0 0 0 0 0 0.0526315789474 0 0 0.0 0 0 1 0 0.054 7e-05 0
1 0.812030075188 0.196428571429 0 1 0 0 0 0 0 0 0 0 0 0 1 0 0 0 0 0 0 0 0 0 0 0 0 1 0.456140350877 1 1 0.0149253731343 1 0 1 0 0.0 0.0 1
0 0.165413533835 0.107142857143 0 1 0 0 0 0 0 0 0 0 0 0 0 1 0 0 0 0 0 0 0 0 0 0 1 0 0.0643859649123 1 1 0.283582089552 0 0 1 0 0.0 0.005 1
1 0.147819548872 0.0164285714286 1 0 0 0 0 0 0 0 0 0 0 1 0 0 0 0 0 0 0 0 1 0 0 0 0 0 0.0921052631579 1 1 0.089552238806 1 0 1 0 0.104 0.00347 0
1 0.344661654135 0.0714285714286 0 1 0 0 0 1 0 0 0 0 0 0 0 0 0 0 0 0 0 0 1 0 0 0 0 0 0.00877192982456 0 0 0.0 1 0 1 0 0.1105 0.0 0
1 0.316992481203 0.0892857142857 1 0 0 0 0 0 0 0 0 0 0 1 0 0 0 0 0 0 0 0 1 0 0 0 0 0 0.105263157895 0 0 0.0 0 1 0 0 0.1 0.0 0
1 0.219248120301 0.178571428571 0 1 0 0 0 0 0 0 0 0 0 1 0 0 0 0 0 0 0 0 1 0 0 0 0 0 0.385964912281 1 0 0.0 1 0 1 0 0.035 0.0 1
1 0.144060150376 0.415178571429 1 0 0 0 0 0 0 0 0 0 0 1 0 0 0 0 0 0 0 0 1 0 0 0 0 0 0.029298245614 1 0 0.0 1 0 1 0 0.08 0.003 1
1 0.51007518797 0.0892857142857 0 1 0 0 0 0 0 0 0 1 0 0 0 0 0 0 0 0 0 0 0 1 0 0 0 0 0.0877192982456 1 1 0.179104477612 1 0 1 0 0.205 0.0251 1
0 0.15037593985 0.0253571428571 0 1 0 0 0 0 0 0 0 0 0 1 0 0 0 0 0 0 0 0 1 0 0 0 0 0 0.00877192982456 0 1 0.0149253731343 1 0 1 0 0.12 4e-05 0
0 0.517593984962 0.0476785714286 0 1 0 0 0 1 0 0 0 0 0 0 0 0 0 0 0 0 0 0 0 0 0 1 0 0 0.0117543859649 0 0 0.0 0 0 1 0 0.0 0.0012 0
1 0.156691729323 0.03125 0 1 0 0 0 0 0 0 0 0 0 0 0 1 0 0 0 0 0 0 1 0 0 0 0 0 0.162280701754 1 1 0.0298507462687 1 0 1 0 0.26 0.02 1
1 0.10030075188 0.25 0 1 0 0 0 0 0 0 0 0 1 0 0 0 0 0 0 0 0 0 1 0 0 0 0 0 0.0570175438596 1 1 0.044776119403 0 0 1 0 0.1 0.01391 1
1 0.238045112782 0.160714285714 0 1 0 0 0 0 0 0 0 0 0 1 0 0 0 0 0 0 0 0 1 0 0 0 0 0 0.263157894737 1 1 0.0298507462687 1 0 1 0 0.165 0.0 1
1 0.516240601504 0.215714285714 0 1 0 0 0 0 1 0 0 0 0 0 0 0 0 0 0 0 0 0 1 0 0 0 0 0 0.00140350877193 0 0 0.0 0 0 1 0 0.0 0.0269 1
1 0.0413533834586 0.00446428571429 0 1 0 0 0 0 0 0 0 0 1 0 0 0 0 0 0 0 0 0 1 0 0 0 0 0 0.00578947368421 0 0 0.0 0 0 1 0 0.066 0.0 0
1 0.214285714286 0.107142857143 0 1 0 0 0 0 0 0 0 0 0 1 0 0 0 0 0 0 0 0 1 0 0 0 0 0 0.0263157894737 0 0 0.0 1 0 1 0 0.15 0.00067 0
0 0.224360902256 0.0371428571429 0 1 0 0 0 0 0 0 0 0 1 0 0 0 0 0 0 0 0 0 1 0 0 0 0 0 0.0877192982456 1 1 0.0746268656716 1 0 1 0 0.15 0.0143 1
1 0.393533834586 0.178571428571 0 1 0 0 0 1 0 0 0 0 0 0 0 0 0 0 0 0 0 0 0 1 0 0 0 0 0.00736842105263 0 0 0.0 0 0 1 0 0.275 0.0 0
1 0.307067669173 0.0982142857143 0 1 0 0 0 1 0 0 0 0 0 0 0 0 0 0 0 0 0 0 0 1 0 0 0 0 0.0877192982456 0 0 0.0 1 0 1 0 0.116 0.002 0
0 0.223007518797 0.126428571429 0 1 0 0 0 1 0 0 0 0 0 0 0 0 0 0 0 0 0 0 0 1 0 0 0 0 0.0175438596491 1 0 0.0 1 0 1 0 0.0855 0.0 0
1 0.696691729323 0.517857142857 0 1 0 1 0 0 0 0 0 0 0 0 0 0 0 0 0 1 0 0 0 0 0 0 0 0 0.631578947368 1 1 0.223880597015 1 0 1 0 0.0 0.01 1
0 0.414736842105 0.0357142857143 0 1 0 0 0 1 0 0 0 0 0 0 0 0 0 0 0 0 0 0 0 1 0 0 0 0 0.0789473684211 1 0 0.0 1 0 1 0 0.0 0.003 1
1 0.656691729323 0.303571428571 0 1 0 0 0 0 0 0 0 0 0 0 1 0 0 0 0 0 0 0 0 0 0 0 1 0 0.245614035088 1 1 0.044776119403 0 0 1 0 0.0 0.0 1
0 0.263157894737 0.133928571429 0 1 0 0 0 0 0 0 0 0 0 0 0 0 0 1 0 0 0 0 0 0 0 0 1 0 0.0219298245614 1 1 0.134328358209 1 0 1 0 0.0905 0.0 1
0 0.131578947368 0.392857142857 1 0 0 0 0 0 0 0 0 0 0 0 0 1 0 0 0 0 0 0 1 0 0 0 0 0 0.105263157895 1 0 0.0 1 0 1 0 0.134 0.0 0
0 0.0763909774436 0.157678571429 1 0 0 0 0 0 0 0 0 0 1 0 0 0 0 0 0 0 0 0 0 0 0 0 1 0 0.105263157895 1 0 0.0 0 0 1 0 0.12 0.0 1
1 0.172932330827 0.0357142857143 0 1 0 0 0 0 0 0 1 0 0 0 0 0 0 0 0 0 0 0 1 0 0 0 0 0 0.0175438596491 0 0 0.0 0 0 1 0 0.1 0.0 0
1 0.10030075188 0.0 0 1 0 0 0 0 0 0 0 0 1 0 0 0 0 0 0 0 0 0 1 0 0 0 0 0 0.0 0 0 0.0 0 0 0 1 0.092 0.0 0
1 0.355939849624 0.0728571428571 0 1 0 0 0 0 0 0 0 0 0 1 0 0 0 0 0 0 0 0 1 0 0 0 0 0 0.00140350877193 1 0 0.0 1 0 1 0 0.2 0.058 1
0 0.0575939849624 0.321428571429 0 1 0 0 0 0 0 0 1 0 0 0 0 0 0 0 0 0 0 0 1 0 0 0 0 0 0.0482456140351 1 0 0.0 1 0 1 0 0.0 0.0 1
0 0.035037593985 0.0119642857143 0 1 0 1 0 0 0 0 0 0 0 0 0 0 0 0 0 1 0 0 0 0 0 0 0 0 0.0 0 1 0.0149253731343 0 0 1 0 0.08 0.00126 0
1 0.426015037594 0.0371428571429 0 1 0 0 0 0 0 0 0 0 0 1 0 0 0 0 0 0 0 0 1 0 0 0 0 0 0.175438596491 1 1 0.089552238806 1 0 1 0 0.25 0.1 1
1 0.512481203008 0.14875 0 1 0 0 0 0 0 0 0 0 0 0 0 0 0 0 1 0 0 0 0 1 0 0 0 0 0.00298245614035 0 0 0.0 1 0 1 0 0.26 0.0 0
0 0.0387969924812 0.0075 0 1 0 0 0 0 0 0 1 0 0 0 0 0 0 0 0 0 0 0 1 0 0 0 0 0 0.00438596491228 0 0 0.0 0 0 1 0 0.1 1e-05 0
1 0.14030075188 0.0 0 1 0 0 0 0 1 0 0 0 0 0 0 0 0 0 0 0 0 0 1 0 0 0 0 0 0.0350877192982 0 1 0.164179104478 0 1 0 0 0.0 0.0 0
1 0.0363909774436 0.00142857142857 0 1 0 0 0 0 0 0 0 0 1 0 0 0 0 0 0 0 0 0 1 0 0 0 0 0 0.00140350877193 0 0 0.0 0 0 1 0 0.0 0.0 1
0 0.139097744361 0.0655357142857 0 1 0 0 0 0 0 1 0 0 0 0 0 0 0 0 0 0 0 1 0 0 0 0 0 0 0.0 0 1 0.0149253731343 0 0 1 0 0.1 0.00053 0
1 0.141654135338 0.397321428571 0 1 0 0 0 0 0 0 0 0 0 0 0 0 0 0 1 0 0 0 0 0 0 0 1 0 0.0161403508772 1 1 0.0149253731343 0 0 1 0 0.05 0.0 1
1 0.121503759398 0.055 0 1 0 0 0 0 1 0 0 0 0 0 0 0 0 0 0 0 0 0 1 0 0 0 0 0 0.00298245614035 0 0 0.0 1 0 1 0 0.178 0.0 0
1 0.352180451128 0.142857142857 0 1 0 0 0 0 0 0 0 0 1 0 0 0 0 0 0 0 0 0 0 1 0 0 0 0 0.175438596491 1 0 0.0 1 1 0 0 0.14 0.0 0
1 0.243157894737 0.0655357142857 0 1 0 0 0 0 0 0 0 0 1 0 0 0 0 0 0 0 0 0 0 0 0 0 1 0 0.152105263158 1 0 0.0 0 0 1 0 0.13 0.002 1
0 0.106466165414 0.0178571428571 1 0 0 0 0 0 0 0 0 0 0 0 1 0 0 0 0 0 1 0 0 0 0 0 0 0 0.0350877192982 0 0 0.0 0 0 1 0 0.13 0.0 0
0 0.142857142857 0.209821428571 0 1 0 0 0 0 0 0 0 0 0 0 0 1 0 0 0 0 0 0 1 0 0 0 0 0 0.111228070175 1 1 0.149253731343 0 0 1 0 0.06 0.00245 1
1 0.613984962406 0.33625 0 1 0 1 0 0 0 0 0 0 0 0 0 0 0 0 0 1 0 0 0 0 0 0 0 0 0.505789473684 1 1 0.164179104478 1 0 1 0 0.015 0.003 1
0 0.659097744361 0.0714285714286 0 1 0 1 0 0 0 0 0 0 0 0 0 0 0 0 0 1 0 0 0 0 0 0 0 0 0.228070175439 0 1 0.0149253731343 0 0 1 0 0.0 0.0001 0
1 0.111578947368 0.03125 1 0 0 0 0 0 0 0 0 0 1 0 0 0 0 0 0 0 0 0 0 0 0 0 1 0 0.00877192982456 0 0 0.0 0 0 1 0 0.14 0.00204 0
0 0.290676691729 0.0580357142857 0 1 0 0 1 0 0 0 0 0 0 0 0 0 0 0 0 0 0 0 1 0 0 0 0 0 0.0189473684211 0 0 0.0 1 0 1 0 0.0 0.0 0
1 0.374736842105 0.0075 0 1 0 0 0 0 1 0 0 0 0 0 0 0 0 0 0 0 0 0 1 0 0 0 0 0 0.00298245614035 1 0 0.0 1 0 1 0 0.14 0.0 1
1 0.360902255639 0.25 0 1 0 0 0 0 0 0 0 0 0 0 0 1 0 0 0 0 0 0 0 0 0 0 1 0 0.40350877193 1 1 0.10447761194 1 0 1 0 0.15 5e-05 0
0 0.12030075188 0.0625 1 0 0 0 0 0 0 1 0 0 0 0 0 0 0 0 0 0 0 1 0 0 0 0 0 0 0.0 0 0 0.0 0 0 1 0 0.08 0.0 0
1 0.296992481203 0.0625 0 1 0 0 0 0 0 0 0 0 0 0 0 0 0 0 1 0 0 0 0 0 0 0 1 0 0.157894736842 1 1 0.0597014925373 1 0 1 0 0.1265 0.00857 1
1 0.236842105263 0.0207142857143 0 1 0 0 0 0 0 0 0 0 0 1 0 0 0 0 0 0 0 0 1 0 0 0 0 0 0.0101754385965 0 1 0.0149253731343 0 0 1 0 0.17 0.02803 0
1 0.267969924812 0.107142857143 1 0 0 0 0 1 0 0 0 0 0 0 0 0 0 0 0 0 0 0 0 1 0 0 0 0 0.245614035088 0 0 0.0 0 0 1 0 0.0 1e-05 0
0 0.428571428571 0.0625 1 0 0 0 0 0 0 0 0 0 1 0 0 0 0 0 0 0 0 0 1 0 0 0 0 0 0.0 0 0 0.0 1 0 1 0 0.075 1e-05 0
1 0.736842105263 0.25 0 1 0 0 0 0 0 0 0 0 0 0 1 0 0 0 0 0 0 0 0 0 0 0 0 1 0.0 0 0 0.0 0 0 1 0 0.0 0.00012 0
1 0.127819548872 0.0164285714286 0 1 0 0 0 0 1 0 0 0 0 0 0 0 0 0 0 0 0 0 1 0 0 0 0 0 0.00438596491228 0 0 0.0 1 0 1 0 0.14 0.00055 0
1 0.292030075188 0.0371428571429 0 1 0 0 0 0 0 0 0 0 0 0 0 0 1 0 0 0 0 0 0 0 0 0 1 0 0.228070175439 1 0 0.0 1 0 1 0 0.082 0.31285 1
0 0.293233082707 0.107142857143 1 0 0 0 0 0 0 0 1 0 0 0 0 0 0 0 0 0 0 0 1 0 0 0 0 0 0.0701754385965 0 0 0.0 0 0 1 0 0.09 0.0 0
1 0.225563909774 0.0535714285714 1 0 0 0 0 0 0 0 0 0 1 0 0 0 0 0 0 0 0 0 1 0 0 0 0 0 0.0526315789474 1 0 0.0 1 0 1 0 0.0 0.00225 0
1 0.298195488722 0.00892857142857 0 1 0 0 0 1 0 0 0 0 0 0 0 0 0 0 0 0 0 0 0 1 0 0 0 0 0.140350877193 0 0 0.0 1 1 0 0 0.21 0.0 0
1 0.0387969924812 0.145892857143 0 1 0 0 0 1 0 0 0 0 0 0 0 0 0 0 0 0 0 0 0 0 0 0 1 0 0.0145614035088 0 0 0.0 1 0 1 0 0.06 0.0 0
0 0.293233082707 0.0892857142857 1 0 0 0 0 0 0 0 0 0 1 0 0 0 0 0 0 0 0 0 1 0 0 0 0 0 0.0877192982456 0 0 0.0 1 0 1 0 0.0 2e-05 0
1 0.101503759398 0.08625 0 1 0 0 0 0 0 0 0 0 1 0 0 0 0 0 0 0 0 0 1 0 0 0 0 0 0.0701754385965 1 1 0.164179104478 1 0 1 0 0.1 0.03 1
1 0.16045112782 0.440535714286 0 1 0 0 0 0 0 0 0 0 0 0 0 1 0 0 0 0 0 0 0 0 0 0 1 0 0.0556140350877 1 0 0.0 1 0 1 0 0.06 0.0 1
1 0.0651127819549 0.241071428571 1 0 0 0 0 0 0 0 0 1 0 0 0 0 0 0 0 0 0 0 1 0 0 0 0 0 0.00140350877193 0 0 0.0 0 0 1 0 0.07 0.0 0
0 0.45984962406 0.0 0 1 0 0 0 0 0 0 0 0 1 0 0 0 0 0 0 0 0 0 1 0 0 0 0 0 0.0877192982456 1 0 0.0 0 0 1 0 0.0 0.0 1
1 0.135338345865 0.392857142857 0 1 0 0 0 0 0 0 0 0 0 0 0 1 0 0 0 0 0 0 1 0 0 0 0 0 0.0877192982456 1 1 0.10447761194 1 0 1 0 0.05 0.00809 1
1 0.134135338346 0.0907142857143 1 0 0 0 0 0 0 0 0 0 1 0 0 0 0 0 0 0 0 0 0 0 0 0 1 0 0.090701754386 1 0 0.0 0 0 1 0 0.0 0.0 1
1 0.183007518797 0.03125 0 1 0 0 0 0 1 0 0 0 0 0 0 0 0 0 0 0 0 0 1 0 0 0 0 0 0.0131578947368 0 1 0.0298507462687 1 0 1 0 0.087 3e-05 0
1 0.186766917293 0.0298214285714 0 1 0 0 0 0 0 0 0 0 0 0 0 0 0 1 0 0 0 0 1 0 0 0 0 0 0.0408771929825 0 0 0.0 0 0 1 0 0.05 0.0 0
1 0.129022556391 0.392857142857 0 1 0 0 0 0 0 0 0 0 0 1 0 0 0 0 0 0 0 0 1 0 0 0 0 0 0.0701754385965 1 1 0.0149253731343 0 0 1 0 0.04 0.00278 1
0 0.474887218045 0.0357142857143 0 1 0 0 0 0 0 0 0 0 0 0 0 1 0 0 0 0 0 0 1 0 0 0 0 0 0.00438596491228 0 0 0.0 1 0 1 0 0.1315 0.0 0
1 0.15037593985 0.428571428571 0 1 0 0 0 0 0 0 0 0 1 0 0 0 0 0 0 0 0 0 1 0 0 0 0 0 0.0731578947368 0 0 0.0 0 1 0 0 0.04 0.0 0
0 0.101503759398 0.422678571429 0 1 0 0 0 0 0 0 0 0 1 0 0 0 0 0 0 0 0 0 0 0 0 0 1 0 0.210526315789 1 0 0.0 0 0 1 0 0.17 0.0 1
1 0.11022556391 0.147321428571 1 0 0 0 0 1 0 0 0 0 0 0 0 0 0 0 0 0 0 0 0 0 0 0 1 0 0.00140350877193 0 0 0.0 0 0 1 0 0.07 0.001 0
0 0.40977443609 0.0728571428571 1 0 0 0 0 0 0 0 0 0 0 0 0 1 0 0 0 0 0 0 0 0 0 0 1 0 0.00438596491228 1 1 0.34328358209 1 0 1 0 0.2275 0.01236 1
1 0.267969924812 0.0223214285714 0 1 0 0 0 0 1 0 0 0 0 0 0 0 0 0 0 0 0 0 1 0 0 0 0 0 0.00877192982456 0 0 0.0 0 0 1 0 0.19 0.0201 0
1 0.198045112782 0.0803571428571 0 1 0 0 0 1 0 0 0 0 0 0 0 0 0 0 0 0 0 0 0 1 0 0 0 0 0.0175438596491 0 0 0.0 1 0 1 0 0.32 0.04 0
0 0.248120300752 0.196428571429 0 1 0 0 0 0 1 0 0 0 0 0 0 0 0 0 0 0 0 0 1 0 0 0 0 0 0.19298245614 0 0 0.0 1 1 0 0 0.05 0.0 0
0 0.290676691729 0.165178571429 0 1 0 0 0 0 0 0 0 0 0 0 0 1 0 0 0 0 0 0 0 0 0 0 1 0 0.0570175438596 1 1 0.0298507462687 0 0 1 0 0.0 0.0 1
1 0.412330827068 0.0476785714286 0 1 0 0 1 0 0 0 0 0 0 0 0 0 0 0 0 0 0 0 1 0 0 0 0 0 0.00578947368421 0 0 0.0 0 0 1 0 0.084 0.0 0
1 0.231879699248 0.125 0 1 0 0 0 0 0 0 0 0 0 1 0 0 0 0 0 0 0 0 1 0 0 0 0 0 0.122807017544 1 1 0.044776119403 1 0 1 0 0.1645 0.0 0
1 0.0338345864662 0.111607142857 0 1 0 0 0 0 0 0 0 0 0 1 0 0 0 0 0 0 0 0 1 0 0 0 0 0 0.00298245614035 0 1 0.0149253731343 0 0 1 0 0.0 6e-05 0
0 0.360902255639 0.196428571429 0 1 0 0 0 0 0 0 0 0 0 0 0 1 0 0 0 0 0 0 1 0 0 0 0 0 0.00438596491228 1 0 0.0 1 0 1 0 0.114 0.0 1
1 0.267969924812 0.142857142857 0 1 0 0 0 0 0 0 0 0 0 0 0 0 0 0 1 0 0 0 1 0 0 0 0 0 0.175438596491 1 1 0.044776119403 1 0 1 0 0.145 0.02279 1
1 0.146616541353 0.113035714286 1 0 0 0 0 0 1 0 0 0 0 0 0 0 0 0 0 0 0 0 1 0 0 0 0 0 0.0145614035088 0 1 0.0149253731343 1 0 1 0 0.14 0.0008 0
1 0.146616541353 0.0982142857143 0 1 0 1 0 0 0 0 0 0 0 0 0 0 0 0 0 1 0 0 0 0 0 0 0 0 0.157894736842 0 0 0.0 0 0 1 0 0.08 0.00025 0
0 0.506315789474 0.285714285714 0 1 0 0 0 0 0 0 0 0 0 0 1 0 0 0 0 0 0 0 0 1 0 0 0 0 0.228070175439 1 1 0.089552238806 0 0 1 0 0.1875 0.511 1
1 0.285714285714 0.0535714285714 0 1 0 0 0 0 0 0 0 0 0 0 0 0 0 1 0 0 0 0 0 0 0 0 1 0 0.19298245614 1 1 0.044776119403 1 0 1 0 0.0 0.0 1
0 0.482406015038 0.375 0 1 0 0 0 0 0 0 0 0 0 0 0 1 0 0 0 0 0 0 1 0 0 0 0 0 0.175438596491 1 1 0.10447761194 1 0 1 0 0.0 0.0 1
0 0.134135338346 0.25 0 1 0 0 0 0 0 0 0 0 1 0 0 0 0 0 0 0 0 0 1 0 0 0 0 0 0.00578947368421 0 0 0.0 0 0 1 0 0.08 0.0 0
1 0.122857142857 0.0178571428571 0 1 0 0 0 0 0 0 0 0 1 0 0 0 0 0 0 0 0 0 1 0 0 0 0 0 0.00438596491228 0 0 0.0 0 0 1 0 0.18 0.0 0
0 0.495037593985 0.0164285714286 0 1 0 0 0 0 0 0 0 0 0 0 0 0 0 1 0 0 0 0 0 0 0 0 1 0 0.0145614035088 1 1 0.164179104478 1 0 1 0 0.22 6e-05 1
1 0.14030075188 0.0892857142857 0 1 0 1 0 0 0 0 0 0 0 0 0 0 0 0 0 1 0 0 0 0 0 0 0 0 0.00298245614035 0 0 0.0 1 0 1 0 0.05 0.04208 0
1 0.0500751879699 0.00892857142857 0 1 0 0 0 0 0 0 0 0 0 0 0 1 0 0 0 0 0 0 1 0 0 0 0 0 0.0117543859649 0 1 0.0597014925373 0 0 1 0 0.08 8e-05 0
0 0.825864661654 0.535714285714 0 1 0 0 0 0 0 0 0 0 0 0 1 0 0 0 0 0 0 0 0 0 0 0 0 1 0.0 1 1 0.208955223881 0 0 1 0 0.0 0.03376 1
1 0.093984962406 0.0446428571429 1 0 0 0 0 0 1 0 0 0 0 0 0 0 0 0 0 0 0 0 1 0 0 0 0 0 0.00438596491228 0 0 0.0 0 0 1 0 0.07 4e-05 0
0 0.0413533834586 0.0446428571429 0 1 0 0 0 0 0 0 0 0 0 0 0 1 0 0 0 0 0 0 1 0 0 0 0 0 0.00877192982456 0 1 0.0149253731343 0 0 1 0 0.054 0.00098 0
