0 0.104060150376 0.107142857143 0 1 0 0 0 0 0 0 0 0 0 0 0 1 0 0 0 0 0 0 1 0 0 0 0 0 0.00578947368421 1 1 0.044776119403 0 0 1 0 0.05 6e-05 1
1 0.093984962406 0.0 0 1 0 0 1 0 0 0 0 0 0 0 0 0 0 0 0 0 0 0 1 0 0 0 0 0 0.0175438596491 0 0 0.0 0 0 1 0 0.072 0.0 0
1 0.186766917293 0.00892857142857 0 1 0 0 0 1 0 0 0 0 0 0 0 0 0 0 0 0 0 0 0 1 0 0 0 0 0.0 1 0 0.0 1 0 1 0 0.0 0.0 1
1 0.383458646617 0.339285714286 0 1 0 0 0 0 0 0 0 1 0 0 0 0 0 0 0 0 0 0 1 0 0 0 0 0 0.228070175439 1 1 0.208955223881 0 0 1 0 0.12 0.04607 1
1 0.581503759398 0.0535714285714 0 1 0 0 1 0 0 0 0 0 0 0 0 0 0 0 0 0 0 0 1 0 0 0 0 0 0.131578947368 0 0 0.0 1 0 1 0 0.0 0.0035 0
1 0.0639097744361 0.00589285714286 0 1 0 0 0 0 0 0 0 0 0 0 0 1 0 0 0 0 0 0 0 0 0 1 0 0 0.00736842105263 0 0 0.0 0 0 1 0 0.1 0.0004 1
0 0.428571428571 0.0625 1 0 0 0 0 0 0 0 0 0 1 0 0 0 0 0 0 0 0 0 1 0 0 0 0 0 0.0 0 0 0.0 1 0 1 0 0.075 1e-05 0
1 0.139097744361 0.0267857142857 0 1 0 0 0 0 0 0 0 1 0 0 0 0 0 0 0 0 0 0 1 0 0 0 0 0 0.0175438596491 1 0 0.0 1 1 0 0 0.16 0.0 0
1 0.184210526316 0.0357142857143 0 1 0 0 0 0 0 0 0 0 0 0 0 1 0 0 0 0 0 0 1 0 0 0 0 0 0.0614035087719 1 0 0.0 1 0 1 0 0.14 0.0 1
0 0.0664661654135 0.357142857143 1 0 0 0 0 0 0 0 0 0 0 0 0 1 0 0 0 0 0 0 0 0 0 0 1 0 0.00578947368421 0 0 0.0 0 0 1 0 0.17 0.0 0
1 0.310827067669 0.0476785714286 0 1 0 0 0 1 0 0 0 0 0 0 0 0 0 0 0 0 0 0 0 1 0 0 0 0 0.00438596491228 0 0 0.0 1 0 1 0 0.22 0.045 0
1 0.225563909774 0.0416071428571 0 1 0 0 0 0 1 0 0 0 0 0 0 0 0 0 0 0 0 0 1 0 0 0 0 0 0.0175438596491 1 0 0.0 0 1 0 0 0.14 0.0 0
1 0.0852631578947 0.0535714285714 1 0 0 0 0 0 0 0 0 0 0 0 0 0 0 1 0 0 0 0 1 0 0 0 0 0 0.0701754385965 1 0 0.0 1 0 1 0 0.05 0.0002 0
0 0.29954887218 0.0133928571429 0 1 0 0 0 0 0 0 0 0 0 0 0 0 0 1 0 0 0 0 1 0 0 0 0 0 0.0131578947368 0 0 0.0 0 0 1 0 0.15 0.00044 1
1 0.307067669173 0.0982142857143 0 1 0 0 0 1 0 0 0 0 0 0 0 0 0 0 0 0 0 0 0 1 0 0 0 0 0.0877192982456 0 0 0.0 1 0 1 0 0.116 0.002 0
0 0.134135338346 0.0267857142857 0 1 0 0 0 0 0 0 0 0 1 0 0 0 0 0 0 0 0 0 1 0 0 0 0 0 0.0701754385965 0 1 0.0298507462687 1 0 1 0 0.1 0.00394 0
1 0.0965413533835 0.291785714286 0 1 0 0 0 0 0 0 1 0 0 0 0 0 0 0 0 0 0 0 1 0 0 0 0 0 0.0687719298246 1 1 0.208955223881 0 0 1 0 0.03 0.00158 1
1 0.179248120301 0.0789285714286 1 0 0 0 0 0 0 0 1 0 0 0 0 0 0 0 0 0 0 0 1 0 0 0 0 0 0.140350877193 1 0 0.0 0 0 1 0 0.094 0.0 0
1 0.14030075188 0.0892857142857 0 1 0 1 0 0 0 0 0 0 0 0 0 0 0 0 0 1 0 0 0 0 0 0 0 0 0.00298245614035 0 0 0.0 1 0 1 0 0.05 0.04208 0
0 0.171729323308 0.102678571429 0 1 0 0 0 0 0 0 0 0 0 0 0 0 0 0 1 0 0 0 0 0 0 0 1 0 0.030701754386 1 0 0.0 0 0 1 0 0.18 0.0 1
1 0.104060150376 0.0298214285714 1 0 0 0 0 0 0 0 0 0 1 0 0 0 0 0 0 0 0 0 1 0 0 0 0 0 0.0701754385965 0 0 0.0 1 1 0 0 0.12 0.0 0
1 0.0676691729323 0.00589285714286 0 1 0 0 1 0 0 0 0 0 0 0 0 0 0 0 0 0 0 0 1 0 0 0 0 0 0.00877192982456 0 0 0.0 1 1 0 0 0.14 0.0 0
1 0.275639097744 0.142857142857 0 1 0 0 0 0 0 0 0 1 0 0 0 0 0 0 0 0 0 0 1 0 0 0 0 0 0.0877192982456 1 0 0.0 1 0 1 0 0.18 0.0 1
1 0.29954887218 0.0446428571429 0 1 0 0 0 0 0 0 0 0 0 1 0 0 0 0 0 0 0 0 1 0 0 0 0 0 0.0408771929825 0 0 0.0 0 0 1 0 0.06 0.0 0
0 0.573984962406 0.232142857143 0 1 0 0 0 1 0 0 0 0 0 0 0 0 0 0 0 0 0 0 0 1 0 0 0 0 0.108245614035 0 0 0.0 1 0 1 0 0.0365 0.0 0
1 0.566466165414 0.00142857142857 0 1 0 0 0 0 0 0 0 0 0 0 0 0 0 0 1 0 0 0 0 0 0 0 1 0 0.00140350877193 1 0 0.0 0 0 1 0 0.0 0.03 1
1 0.122857142857 0.0178571428571 0 1 0 0 0 0 0 0 0 0 1 0 0 0 0 0 0 0 0 0 1 0 0 0 0 0 0.00438596491228 0 0 0.0 0 0 1 0 0.18 0.0 0
1 0.18045112782 0.0178571428571 0 1 0 0 0 0 0 0 0 0 1 0 0 0 0 0 0 0 0 0 1 0 0 0 0 0 0.0512280701754 1 1 0.0746268656716 1 0 1 0 0.156 0.0 1
1 0.424812030075 0.00732142857143 0 1 0 0 0 1 0 0 0 0 0 0 0 0 0 0 0 0 0 0 0 0 0 0 1 0 0.179824561404 1 0 0.0 0 0 1 0 0.2 0.0 1
1 0.292030075188 0.0357142857143 0 1 0 0 0 0 0 0 0 0 0 0 0 0 0 0 1 0 0 0 1 0 0 0 0 0 0.0263157894737 1 1 0.10447761194 1 0 1 0 0.17 0.04071 1
0 0.330827067669 0.0326785714286 0 1 0 0 0 0 0 0 1 0 0 0 0 0 0 0 0 0 0 0 1 0 0 0 0 0 0.0263157894737 1 1 0.0597014925373 0 0 1 0 0.0 0.01583 1
1 0.305714285714 0.232142857143 0 1 0 0 0 0 0 0 1 0 0 0 0 0 0 0 0 0 0 0 1 0 0 0 0 0 0.00438596491228 1 0 0.0 1 0 1 0 0.2215 0.0 0
1 0.392180451128 0.0178571428571 0 1 0 0 0 0 0 0 0 1 0 0 0 0 0 0 0 0 0 0 1 0 0 0 0 0 0.00877192982456 1 0 0.0 0 1 0 0 0.144 0.0 0
1 0.275639097744 0.142857142857 1 0 0 0 0 0 0 0 0 0 0 0 0 0 0 1 0 0 0 0 1 0 0 0 0 0 0.0526315789474 0 0 0.0 1 0 1 0 0.06 0.0 0
1 0.260601503759 0.110178571429 0 1 0 0 0 0 0 0 0 0 1 0 0 0 0 0 0 0 0 0 1 0 0 0 0 0 0.0877192982456 0 1 0.0298507462687 1 0 1 0 0.08 0.00041 0
0 0.457443609023 0.238035714286 0 1 0 0 0 0 0 0 0 0 0 0 0 1 0 0 0 0 0 0 1 0 0 0 0 0 0.258771929825 1 1 0.044776119403 1 0 1 0 0.0 0.0 1
0 0.185413533835 0.309464285714 0 1 0 0 0 0 0 0 1 0 0 0 0 0 0 0 0 0 0 0 1 0 0 0 0 0 0.049649122807 1 0 0.0 0 0 1 0 0.08 0.0015 1
1 0.156691729323 0.03125 0 1 0 0 0 0 0 0 0 0 0 0 0 1 0 0 0 0 0 0 1 0 0 0 0 0 0.162280701754 1 1 0.0298507462687 1 0 1 0 0.26 0.02 1
1 0.15037593985 0.428571428571 0 1 0 0 0 0 0 0 0 0 1 0 0 0 0 0 0 0 0 0 1 0 0 0 0 0 0.0731578947368 0 0 0.0 0 1 0 0 0.04 0.0 0
1 0.0664661654135 0.0878571428571 0 1 0 0 0 0 0 0 0 0 1 0 0 0 0 0 0 0 0 0 0 0 0 1 0 0 0.0336842105263 0 1 0.0298507462687 1 0 1 0 0.08 0.00587 0
1 0.194285714286 0.520892857143 0 1 0 0 0 1 0 0 0 0 0 0 0 0 0 0 0 0 0 0 0 1 0 0 0 0 0.0 0 0 0.0 1 0 1 0 0.089 0.0 0
1 0.313233082707 0.0 0 1 0 0 0 0 0 0 0 0 1 0 0 0 0 0 0 0 0 0 1 0 0 0 0 0 0.0 0 0 0.0 0 0 0 1 0.092 0.0 0
1 0.263157894737 0.10125 0 1 0 1 0 0 0 0 0 0 0 0 0 0 0 0 0 1 0 0 0 0 0 0 0 0 0.0 0 1 0.0746268656716 0 0 1 0 0.088 0.00146 0
1 0.265714285714 0.553571428571 0 1 0 0 0 0 0 0 0 0 1 0 0 0 0 0 0 0 0 0 1 0 0 0 0 0 0.0175438596491 1 0 0.0 0 0 1 0 0.06 0.0 0
1 0.418496240602 0.0625 0 1 0 0 0 0 1 0 0 0 0 0 0 0 0 0 0 0 0 0 1 0 0 0 0 0 0.00736842105263 1 0 0.0 0 0 1 0 0.08 0.0 0
1 0.268120300752 0.0267857142857 1 0 0 0 0 0 0 0 1 0 0 0 0 0 0 0 0 0 0 0 1 0 0 0 0 0 0.122807017544 0 0 0.0 1 0 1 0 0.16 0.0 0
0 0.0726315789474 0.357142857143 0 1 0 0 1 0 0 0 0 0 0 0 0 0 0 0 0 0 0 0 1 0 0 0 0 0 0.0145614035088 0 0 0.0 0 0 1 0 0.04 0.00042 0
1 0.235639097744 0.0446428571429 0 1 0 0 0 0 0 0 0 0 1 0 0 0 0 0 0 0 0 0 0 0 0 0 1 0 0.00877192982456 0 1 0.0298507462687 1 0 1 0 0.2 0.00108 0
0 0.0326315789474 0.102678571429 0 1 0 0 0 0 0 0 0 0 0 0 0 1 0 0 0 0 0 0 1 0 0 0 0 0 0.00298245614035 0 0 0.0 0 0 1 0 0.06 0.0 0
1 0.199248120301 0.0535714285714 1 0 0 0 0 0 0 0 0 0 0 1 0 0 0 0 0 0 0 0 1 0 0 0 0 0 0.0131578947368 1 0 0.0 1 0 1 0 0.13 0.01065 1
1 0.198045112782 0.0803571428571 0 1 0 0 0 1 0 0 0 0 0 0 0 0 0 0 0 0 0 0 0 1 0 0 0 0 0.0175438596491 0 0 0.0 1 0 1 0 0.32 0.04 0
1 0.147819548872 0.0298214285714 0 1 0 0 0 1 0 0 0 0 0 0 0 0 0 0 0 0 0 0 0 0 0 0 1 0 0.00298245614035 0 0 0.0 1 0 1 0 0.11 5e-05 0
0 0.517593984962 0.0476785714286 0 1 0 0 0 1 0 0 0 0 0 0 0 0 0 0 0 0 0 0 0 0 0 1 0 0 0.0117543859649 0 0 0.0 0 0 1 0 0.0 0.0012 0
1 0.238045112782 0.160714285714 0 1 0 0 0 0 0 0 0 0 0 1 0 0 0 0 0 0 0 0 1 0 0 0 0 0 0.263157894737 1 1 0.0298507462687 1 0 1 0 0.165 0.0 1
0 0.204210526316 0.0594642857143 0 1 0 1 0 0 0 0 0 0 0 0 0 0 0 0 0 1 0 0 0 0 0 0 0 0 0.0 0 0 0.0 0 0 1 0 0.17 1e-05 0
0 0.0676691729323 0.357142857143 0 1 0 0 0 0 0 0 0 0 0 1 0 0 0 0 0 0 0 0 1 0 0 0 0 0 0.0350877192982 0 1 0.0149253731343 0 0 1 0 0.06 1e-05 0
0 0.0902255639098 0.0267857142857 0 1 0 0 0 0 0 0 0 0 1 0 0 0 0 0 0 0 0 0 1 0 0 0 0 0 0.0278947368421 1 1 0.0746268656716 1 0 1 0 0.07 5e-05 0
0 0.167969924812 0.0446428571429 0 1 0 1 0 0 0 0 0 0 0 0 0 0 0 0 0 1 0 0 0 0 0 0 0 0 0.0 1 0 0.0 0 0 1 0 0.04 0.0 0
1 0.330827067669 0.08625 0 1 0 0 0 0 0 0 0 0 0 1 0 0 0 0 0 0 0 0 1 0 0 0 0 0 0.00438596491228 0 1 0.0298507462687 0 0 1 0 0.11 1e-05 0
1 0.10030075188 0.0 0 1 0 0 0 0 0 0 0 0 1 0 0 0 0 0 0 0 0 0 1 0 0 0 0 0 0.0 0 0 0.0 0 0 0 1 0.092 0.0 0
1 0.10030075188 0.25 0 1 0 0 0 0 0 0 0 0 1 0 0 0 0 0 0 0 0 0 1 0 0 0 0 0 0.0570175438596 1 1 0.044776119403 0 0 1 0 0.1 0.01391 1
1 0.335789473684 0.0907142857143 0 1 0 1 0 0 0 0 0 0 0 0 0 0 0 0 0 1 0 0 0 0 0 0 0 0 0.0 0 0 0.0 0 0 1 0 0.0 0.01 0
1 0.298195488722 0.0982142857143 0 1 0 0 0 0 0 0 0 1 0 0 0 0 0 0 0 0 0 0 1 0 0 0 0 0 0.149122807018 1 1 0.089552238806 0 0 1 0 0.102 0.0 1
0 0.582706766917 0.25 0 1 0 0 0 0 0 0 1 0 0 0 0 0 0 0 0 0 0 0 0 0 0 0 1 0 0.105263157895 0 0 0.0 0 0 1 0 0.0 0.0 0
1 1.0 0.196428571429 0 1 0 0 0 0 0 0 0 0 1 0 0 0 0 0 0 0 0 0 1 0 0 0 0 0 0.0189473684211 1 0 0.0 0 0 1 0 0.0 0.0034 0
1 0.245563909774 0.0371428571429 1 0 0 0 0 1 0 0 0 0 0 0 0 0 0 0 0 0 0 0 0 1 0 0 0 0 0.0175438596491 1 1 0.149253731343 1 0 1 0 0.066 0.00028 0
0 0.0751879699248 0.267857142857 0 1 0 0 0 0 0 0 0 0 0 0 0 1 0 0 0 0 0 0 1 0 0 0 0 0 0.0950877192982 1 1 0.0746268656716 0 0 1 0 0.092 0.26726 1
1 0.209323308271 0.0267857142857 0 1 0 0 0 0 0 0 0 0 0 0 0 1 0 0 0 0 0 0 0 0 0 0 1 0 0.00578947368421 0 0 0.0 1 0 1 0 0.11 0.00251 0
1 0.304511278195 0.196428571429 1 0 0 0 0 0 0 0 0 0 1 0 0 0 0 0 0 0 0 0 1 0 0 0 0 0 0.0526315789474 0 0 0.0 1 0 1 0 0.03 0.0 0
1 0.342105263158 0.151785714286 0 1 0 0 0 0 0 0 0 0 0 0 0 1 0 0 0 0 0 0 1 0 0 0 0 0 0.122807017544 0 0 0.0 0 0 1 0 0.227 0.0005 0
1 0.142857142857 0.142857142857 0 1 0 0 0 0 0 0 0 0 1 0 0 0 0 0 0 0 0 0 0 1 0 0 0 0 0.00877192982456 1 0 0.0 1 0 1 0 0.08 0.0 1
1 0.0815037593985 0.339285714286 0 1 0 0 0 0 0 0 0 0 0 1 0 0 0 0 0 0 0 0 1 0 0 0 0 0 0.0526315789474 1 0 0.0 0 0 1 0 0.06 0.02206 1
1 0.218045112782 0.18 1 0 0 0 0 0 0 0 0 0 1 0 0 0 0 0 0 0 0 0 0 1 0 0 0 0 0.0526315789474 1 1 0.119402985075 1 0 1 0 0.072 7e-05 1
1 0.604060150376 0.34375 0 1 0 0 0 0 0 0 0 0 0 0 1 0 0 0 0 0 0 0 1 0 0 0 0 0 0.304035087719 1 1 0.0746268656716 0 0 1 0 0.0 0.0 1
0 0.18045112782 0.0178571428571 0 1 0 0 0 0 0 0 0 0 1 0 0 0 0 0 0 0 0 0 0 0 0 0 1 0 0.030701754386 1 0 0.0 1 0 1 0 0.2455 0.0 1
1 0.249323308271 0.0178571428571 0 1 0 0 1 0 0 0 0 0 0 0 0 0 0 0 0 0 0 0 0 0 0 0 1 0 0.00298245614035 0 0 0.0 1 1 0 0 0.126 0.0 0
0 0.506315789474 0.107142857143 0 1 0 0 0 0 0 0 0 0 0 0 0 0 0 0 1 0 0 0 1 0 0 0 0 0 0.486842105263 1 1 0.0298507462687 1 0 1 0 0.2595 0.01704 1
1 0.0413533834586 0.00446428571429 0 1 0 0 0 0 0 0 0 0 1 0 0 0 0 0 0 0 0 0 1 0 0 0 0 0 0.00578947368421 0 0 0.0 0 0 1 0 0.066 0.0 0
0 0.13037593985 0.401785714286 1 0 0 0 0 0 0 0 0 0 0 0 0 0 0 0 1 0 0 0 0 0 0 0 1 0 0.0263157894737 1 1 0.0597014925373 0 0 1 0 0.0 0.00321 1
1 0.243157894737 0.0655357142857 0 1 0 0 0 0 0 0 0 0 1 0 0 0 0 0 0 0 0 0 0 0 0 0 1 0 0.152105263158 1 0 0.0 0 0 1 0 0.13 0.002 1
1 0.0815037593985 0.0 1 0 0 0 0 0 0 0 0 1 0 0 0 0 0 0 0 0 0 0 0 1 0 0 0 0 0.0 0 0 0.0 1 1 0 0 0.25 1e-05 1
1 0.388421052632 0.178571428571 0 1 0 1 0 0 0 0 0 0 0 0 0 0 0 0 0 1 0 0 0 0 0 0 0 0 0.0 0 1 0.0298507462687 0 0 1 0 0.0085 1e-05 0
1 0.119097744361 0.0416071428571 1 0 0 0 0 0 1 0 0 0 0 0 0 0 0 0 0 0 0 0 1 0 0 0 0 0 0.0877192982456 1 1 0.0149253731343 0 0 1 0 0.09 0.0002 0
1 0.267969924812 0.0223214285714 0 1 0 0 0 0 1 0 0 0 0 0 0 0 0 0 0 0 0 0 1 0 0 0 0 0 0.00877192982456 0 0 0.0 0 0 1 0 0.19 0.0201 0
1 0.196691729323 0.0192857142857 0 1 0 0 0 0 1 0 0 0 0 0 0 0 0 0 0 1 0 0 0 0 0 0 0 0 0.0 0 0 0.0 0 0 1 0 0.05 0.0 0
1 0.101503759398 0.357142857143 1 0 0 0 0 0 0 0 0 0 1 0 0 0 0 0 0 0 0 0 1 0 0 0 0 0 0.0877192982456 1 0 0.0 0 1 0 0 0.02 0.0 1
1 0.174135338346 0.0207142857143 0 1 0 0 0 0 0 0 0 0 1 0 0 0 0 0 0 0 0 0 1 0 0 0 0 0 0.0101754385965 1 1 0.10447761194 1 0 1 0 0.048 0.05124 1
0 0.122857142857 0.416607142857 0 1 0 0 0 0 1 0 0 0 0 0 0 0 0 0 0 0 0 0 0 0 0 0 1 0 0.00298245614035 0 0 0.0 0 0 1 0 0.16 5e-05 0
1 0.408571428571 0.0178571428571 1 0 0 0 0 0 0 0 0 1 0 0 0 0 0 0 0 0 0 0 1 0 0 0 0 0 0.0175438596491 0 0 0.0 1 0 1 0 0.065 0.0 0
0 0.104060150376 0.0655357142857 0 1 0 0 0 0 0 0 0 0 0 0 0 1 0 0 0 0 0 0 1 0 0 0 0 0 0.0731578947368 1 1 0.0746268656716 0 0 1 0 0.11 0.02503 1
1 0.271879699248 0.00142857142857 1 0 0 0 0 0 0 0 0 1 0 0 0 0 0 0 0 0 0 0 1 0 0 0 0 0 0.00140350877193 0 0 0.0 0 0 1 0 0.0 0.0 0
1 0.279398496241 0.267857142857 0 1 0 0 0 0 0 0 0 0 0 0 1 0 0 0 0 0 0 0 0 1 0 0 0 0 0.0556140350877 1 0 0.0 1 1 0 0 0.21 0.0 0
1 0.126616541353 0.433035714286 0 1 0 0 0 0 0 0 0 0 1 0 0 0 0 0 0 0 0 0 1 0 0 0 0 0 0.11701754386 0 1 0.0298507462687 1 0 1 0 0.09 0.00173 0
1 0.194285714286 0.151785714286 0 1 0 0 0 0 0 0 0 0 0 0 0 0 0 1 0 0 0 0 1 0 0 0 0 0 0.150526315789 1 1 0.0149253731343 1 0 1 0 0.06 0.0 1
0 0.0613533834586 0.392857142857 0 1 0 0 0 0 0 0 0 0 0 0 0 0 0 0 1 0 0 0 0 0 0 0 1 0 0.0350877192982 1 1 0.164179104478 0 0 1 0 0.0 0.03 1
1 0.16045112782 0.0714285714286 0 1 0 0 0 0 0 0 0 0 0 0 1 0 0 0 0 0 1 0 0 0 0 0 0 0 0.00578947368421 0 1 0.0298507462687 0 0 1 0 0.16 0.013 0
0 0.201804511278 0.0446428571429 0 1 0 1 0 0 0 0 0 0 0 0 0 0 0 0 0 1 0 0 0 0 0 0 0 0 0.0 0 1 0.0149253731343 0 0 1 0 0.046 0.003 0
1 0.209323308271 0.491071428571 0 1 0 0 0 0 0 0 0 0 0 1 0 0 0 0 0 0 0 0 1 0 0 0 0 0 0.201754385965 1 0 0.0 1 0 1 0 0.2435 0.005 1
1 0.132781954887 0.0535714285714 1 0 0 0 0 0 0 0 1 0 0 0 0 0 0 0 0 0 0 0 1 0 0 0 0 0 0.0189473684211 0 0 0.0 1 0 1 0 0.06 0.00067 0
0 0.12030075188 0.419642857143 0 1 0 0 0 0 0 0 0 0 1 0 0 0 0 0 0 0 0 0 1 0 0 0 0 0 0.00877192982456 0 0 0.0 1 0 1 0 0.09 0.0 0
1 0.0965413533835 0.200892857143 0 1 0 0 0 0 0 0 0 0 0 1 0 0 0 0 0 0 0 0 1 0 0 0 0 0 0.06 1 0 0.0 0 1 0 0 0.06 0.0 1
1 0.218045112782 0.183035714286 0 1 0 0 0 0 0 0 0 0 0 0 0 0 0 0 1 0 0 0 1 0 0 0 0 0 0.166666666667 1 1 0.0298507462687 0 0 1 0 0.21 7e-05 1
1 0.0363909774436 0.00142857142857 0 1 0 0 0 0 0 0 0 0 1 0 0 0 0 0 0 0 0 0 1 0 0 0 0 0 0.00140350877193 0 0 0.0 0 0 1 0 0.0 0.0 1
0 0.0864661654135 0.00589285714286 0 1 0 0 0 0 0 0 0 0 0 0 0 1 0 0 0 0 0 0 1 0 0 0 0 0 0.00140350877193 0 0 0.0 1 0 1 0 0.19 0.0 0
0 0.0989473684211 0.357142857143 0 1 0 0 0 0 0 0 0 0 1 0 0 0 0 0 0 0 0 0 0 0 0 0 1 0 0.0350877192982 1 1 0.0597014925373 0 0 1 0 0.025 0.01465 1
1 0.177894736842 0.0119642857143 0 1 0 0 0 0 1 0 0 0 0 0 0 0 0 0 0 0 0 0 0 0 0 0 1 0 0.122807017544 0 0 0.0 1 0 1 0 0.17 0.0 0
0 0.503759398496 0.0267857142857 0 1 0 0 0 0 0 0 0 0 0 0 0 1 0 0 0 0 0 0 0 0 0 0 1 0 0.0964912280702 1 1 0.0149253731343 0 0 1 0 0.1665 0.00892 1
1 0.322105263158 0.160714285714 0 1 0 0 0 0 0 0 0 0 0 0 0 0 0 0 1 0 0 0 0 0 0 0 1 0 0.201754385965 0 0 0.0 1 1 0 0 0.3555 0.0 1
1 0.176691729323 0.0133928571429 0 1 0 0 0 0 0 0 0 1 0 0 0 0 0 0 0 0 0 0 1 0 0 0 0 0 0.00877192982456 1 1 0.044776119403 0 0 1 0 0.13 0.15108 1
1 0.736842105263 0.25 0 1 0 0 0 0 0 0 0 0 0 0 1 0 0 0 0 0 0 0 0 0 0 0 0 1 0.0 0 0 0.0 0 0 1 0 0.0 0.00012 0
1 0.387218045113 0.151785714286 0 1 0 0 0 0 0 0 0 0 1 0 0 0 0 0 0 0 0 0 0 1 0 0 0 0 0.228070175439 1 1 0.238805970149 0 0 1 0 0.0585 0.0121 1
0 0.651578947368 0.0119642857143 0 1 0 0 0 1 0 0 0 0 0 0 0 0 0 0 0 0 0 0 0 1 0 0 0 0 0.0350877192982 1 0 0.0 1 0 1 0 0.126 0.02197 0
0 0.225563909774 0.133928571429 0 1 0 0 0 0 0 0 0 0 1 0 0 0 0 0 0 0 0 0 1 0 0 0 0 0 0.0380701754386 1 1 0.0149253731343 1 0 1 0 0.1855 0.0 1
0 0.290676691729 0.165178571429 0 1 0 0 0 0 0 0 0 0 0 0 0 1 0 0 0 0 0 0 0 0 0 0 1 0 0.0570175438596 1 1 0.0298507462687 0 0 1 0 0.0 0.0 1
0 0.671729323308 0.75 0 1 0 0 0 1 0 0 0 0 0 0 0 0 0 0 0 0 0 0 0 1 0 0 0 0 0.350877192982 1 1 0.194029850746 0 0 1 0 0.0 0.067 1
1 0.152932330827 0.02375 0 1 0 0 0 0 0 0 0 0 1 0 0 0 0 0 0 0 0 0 1 0 0 0 0 0 0.00578947368421 0 0 0.0 0 0 1 0 0.05 0.0 1
1 0.117744360902 0.0282142857143 1 0 0 0 0 0 0 0 0 0 0 0 0 0 0 1 0 0 0 0 1 0 0 0 0 0 0.0233333333333 0 0 0.0 0 0 1 0 0.08 0.0 0
1 0.125263157895 0.0296428571429 0 1 0 0 0 0 0 0 0 0 1 0 0 0 0 0 0 0 0 0 0 0 0 0 1 0 0.0759649122807 0 0 0.0 1 0 1 0 0.064 0.0 1
1 0.210526315789 0.0208928571429 1 0 0 0 0 0 0 0 0 0 0 0 0 0 0 1 0 0 0 0 1 0 0 0 0 0 0.00877192982456 1 1 0.0298507462687 0 0 1 0 0.13 0.005 1
1 0.423609022556 0.015 0 1 0 0 0 0 0 0 0 0 1 0 0 0 0 0 0 0 0 0 0 0 0 0 1 0 0.00736842105263 1 1 0.089552238806 0 0 1 0 0.11 0.00948 1
1 0.195488721805 0.0401785714286 0 1 0 0 0 0 0 0 0 0 0 0 0 0 0 0 1 0 0 0 0 0 0 0 1 0 0.0438596491228 1 0 0.0 0 0 1 0 0.0 0.05298 1
1 0.104060150376 0.0148214285714 0 1 0 0 0 0 0 0 0 0 1 0 0 0 0 0 0 0 0 0 1 0 0 0 0 0 0.00438596491228 0 0 0.0 0 0 1 0 0.0 0.00044 0
1 0.0789473684211 0.0625 1 0 0 0 0 0 0 0 0 0 1 0 0 0 0 0 0 0 0 0 1 0 0 0 0 0 0.0819298245614 0 0 0.0 1 0 1 0 0.056 6e-05 0
1 0.162857142857 0.446428571429 0 1 0 0 0 0 0 0 0 0 0 1 0 0 0 0 0 0 0 0 1 0 0 0 0 0 0.030701754386 1 0 0.0 1 0 1 0 0.13 0.0 0
1 0.0839097744361 0.389821428571 0 1 0 0 0 0 0 0 0 0 1 0 0 0 0 0 0 0 0 0 0 1 0 0 0 0 0.0205263157895 0 1 0.0298507462687 1 0 1 0 0.1 7e-05 0
0 0.273233082707 0.111607142857 0 1 0 1 0 0 0 0 0 0 0 0 0 0 0 0 0 1 0 0 0 0 0 0 0 0 0.106666666667 0 1 0.0298507462687 1 0 1 0 0.1 4e-05 0
1 0.0714285714286 0.0714285714286 0 1 0 0 0 1 0 0 0 0 0 0 0 0 0 0 0 0 0 0 1 0 0 0 0 0 0.0526315789474 1 1 0.0298507462687 0 0 1 0 0.06 0.003 1
1 0.183007518797 0.03125 0 1 0 0 0 0 1 0 0 0 0 0 0 0 0 0 0 0 0 0 1 0 0 0 0 0 0.0131578947368 0 1 0.0298507462687 1 0 1 0 0.087 3e-05 0
1 0.300751879699 0.0982142857143 0 1 0 0 0 1 0 0 0 0 0 0 0 0 0 0 0 0 0 0 0 1 0 0 0 0 0.0 0 0 0.0 0 0 1 0 0.09 0.0 0
1 0.0876691729323 0.0208928571429 0 1 0 1 0 0 0 0 0 0 0 0 0 0 0 0 0 1 0 0 0 0 0 0 0 0 0.0 0 1 0.044776119403 0 0 1 0 0.175 0.00769 0
1 0.269473684211 0.0296428571429 0 1 0 0 0 0 0 0 0 0 0 0 0 0 0 0 1 0 0 0 1 0 0 0 0 0 0.0468421052632 1 1 0.119402985075 1 0 1 0 0.1515 0.0329 1
0 0.161654135338 0.0178571428571 0 1 0 0 0 0 0 0 0 0 0 0 0 1 0 0 0 0 0 0 0 0 0 0 1 0 0.0526315789474 1 0 0.0 0 0 1 0 0.14 0.00824 1
1 0.696691729323 0.517857142857 0 1 0 1 0 0 0 0 0 0 0 0 0 0 0 0 0 1 0 0 0 0 0 0 0 0 0.631578947368 1 1 0.223880597015 1 0 1 0 0.0 0.01 1
1 0.279398496241 0.125 0 1 0 0 0 0 1 0 0 0 0 0 0 0 0 0 0 0 0 0 1 0 0 0 0 0 0.0175438596491 0 0 0.0 1 0 1 0 0.116 0.0 0
1 0.089022556391 0.357142857143 1 0 0 0 0 0 1 0 0 0 0 0 0 0 0 0 0 0 0 0 0 0 0 0 1 0 0.029298245614 1 0 0.0 1 0 1 0 0.07 0.0 0
1 0.40977443609 0.00142857142857 0 1 0 0 0 0 0 0 0 0 0 0 1 0 0 0 0 0 0 0 1 0 0 0 0 0 0.00140350877193 0 1 0.0149253731343 0 1 0 0 0.28 0.0 1
1 0.109022556391 0.107142857143 1 0 0 0 1 0 0 0 0 0 0 0 0 0 0 0 0 0 0 0 1 0 0 0 0 0 0.0380701754386 1 1 0.119402985075 1 0 1 0 0.08 1e-05 1
0 0.709323308271 0.178571428571 0 1 0 0 0 0 0 0 1 0 0 0 0 0 0 0 0 0 0 0 1 0 0 0 0 0 0.140350877193 1 1 0.0597014925373 0 0 1 0 0.0 0.00099 1
1 0.146616541353 0.113035714286 1 0 0 0 0 0 1 0 0 0 0 0 0 0 0 0 0 0 0 0 1 0 0 0 0 0 0.0145614035088 0 1 0.0149253731343 1 0 1 0 0.14 0.0008 0
0 0.0777443609023 0.330357142857 1 0 0 0 0 0 0 0 0 0 1 0 0 0 0 0 0 0 0 0 1 0 0 0 0 0 0.0350877192982 1 1 0.0597014925373 1 0 1 0 0.04 0.005 1
1 0.0688721804511 0.0432142857143 1 0 0 0 0 0 0 0 0 0 0 0 1 0 0 0 0 0 1 0 0 0 0 0 0 0 0.0 0 0 0.0 0 0 1 0 0.05 0.0 0
1 0.089022556391 0.0133928571429 0 1 0 0 0 0 0 0 0 0 0 0 0 1 0 0 0 0 0 0 1 0 0 0 0 0 0.0701754385965 1 1 0.0298507462687 1 0 1 0 0.04 0.0 1
0 0.131578947368 0.303571428571 0 1 0 0 0 0 0 0 0 0 0 0 0 1 0 0 0 0 0 0 1 0 0 0 0 0 0.0614035087719 1 1 0.149253731343 0 0 1 0 0.04 0.0099 0
1 0.408571428571 0.0803571428571 1 0 0 0 0 0 0 0 0 0 0 0 0 0 0 0 1 0 0 0 0 0 0 0 1 0 0.350877192982 1 0 0.0 1 0 1 0 0.088 0.0 0
1 0.918496240602 0.678571428571 1 0 0 1 0 0 0 0 0 0 0 0 0 0 0 0 0 1 0 0 0 0 0 0 0 0 0.00140350877193 0 1 0.0298507462687 0 0 1 0 0.0 0.00351 0
1 0.556390977444 0.0208928571429 0 1 0 1 0 0 0 0 0 0 0 0 0 0 0 0 0 1 0 0 0 0 0 0 0 0 0.0 0 0 0.0 0 0 1 0 0.0725 0.0 0
1 0.0563909774436 0.785714285714 0 0 1 1 0 0 0 0 0 0 0 0 0 0 0 0 0 0 0 0 0 0 0 1 0 0 0.0 0 0 0.0 1 0 0 1 0.225 1.0 1
1 0.0789473684211 0.0 1 0 0 1 0 0 0 0 0 0 0 0 0 0 0 0 0 1 0 0 0 0 0 0 0 0 0.0 0 1 0.0597014925373 0 0 1 0 0.0225 1e-05 0
0 0.380902255639 0.142857142857 0 1 0 0 0 0 0 0 0 0 1 0 0 0 0 0 0 0 0 0 1 0 0 0 0 0 0.105263157895 0 0 0.0 0 0 1 0 0.24 0.0 0
1 0.186766917293 0.0298214285714 0 1 0 0 0 0 0 0 0 0 0 0 0 0 0 1 0 0 0 0 1 0 0 0 0 0 0.0408771929825 0 0 0.0 0 0 1 0 0.05 0.0 0
1 0.568872180451 0.535714285714 0 1 0 0 0 0 0 0 0 0 1 0 0 0 0 0 0 0 0 0 1 0 0 0 0 0 0.298245614035 1 1 0.134328358209 0 0 1 0 0.0 0.0 1
1 0.0589473684211 0.159285714286 0 1 0 0 0 0 0 0 0 0 1 0 0 0 0 0 0 0 0 0 1 0 0 0 0 0 0.00877192982456 0 0 0.0 0 1 0 0 0.04 0.0 0
1 0.115338345865 0.0267857142857 1 0 0 0 0 0 0 0 0 0 0 0 0 0 1 0 0 0 0 0 0 0 0 1 0 0 0.0263157894737 0 0 0.0 1 0 1 0 0.066 2e-05 0
1 0.135338345865 0.410714285714 0 1 0 0 0 1 0 0 0 0 0 0 0 0 0 0 0 0 0 0 1 0 0 0 0 0 0.0145614035088 0 0 0.0 0 0 1 0 0.0 0.0 0
1 0.228120300752 0.0133928571429 0 1 0 0 0 0 0 0 0 0 1 0 0 0 0 0 0 0 0 0 1 0 0 0 0 0 0.0101754385965 0 0 0.0 0 0 1 0 0.11 0.0014 0
1 0.308270676692 0.107142857143 0 1 0 0 0 0 0 0 0 0 0 0 0 0 0 1 0 0 0 0 0 0 0 0 1 0 0.260175438596 1 0 0.0 1 0 1 0 0.0 0.0 1
1 0.58015037594 0.0491071428571 1 0 0 0 0 0 0 0 0 0 1 0 0 0 0 0 0 0 0 0 0 0 0 0 1 0 0.331929824561 1 0 0.0 1 0 1 0 0.1 0.001 0
1 0.51007518797 0.0892857142857 0 1 0 0 0 0 0 0 0 1 0 0 0 0 0 0 0 0 0 0 0 1 0 0 0 0 0.0877192982456 1 1 0.179104477612 1 0 1 0 0.205 0.0251 1
0 0.0815037593985 0.193392857143 0 1 0 0 0 1 0 0 0 0 0 0 0 0 0 0 0 0 0 0 0 0 0 0 1 0 0.0101754385965 0 0 0.0 0 0 1 0 0.04 0.00484 0
0 0.116541353383 0.214285714286 0 1 0 0 0 0 0 0 1 0 0 0 0 0 0 0 0 0 0 0 1 0 0 0 0 0 0.0877192982456 1 1 0.044776119403 0 0 1 0 0.04 0.00918 1
1 0.137894736842 0.00607142857143 0 1 0 0 0 0 0 0 0 1 0 0 0 0 0 0 0 0 0 0 1 0 0 0 0 0 0.00298245614035 0 0 0.0 0 1 0 0 0.0 0.0 0
1 0.203007518797 0.0223214285714 0 1 0 0 0 0 0 0 1 0 0 0 0 0 0 0 0 0 0 0 1 0 0 0 0 0 0.0159649122807 1 0 0.0 1 0 1 0 0.1 0.0 0
1 0.246917293233 0.0178571428571 0 1 0 0 0 0 0 0 0 0 1 0 0 0 0 0 0 0 0 0 1 0 0 0 0 0 0.0614035087719 1 1 0.164179104478 0 0 1 0 0.016 0.0054 1
0 0.418496240602 0.0371428571429 0 1 0 0 0 0 0 0 1 0 0 0 0 0 0 0 0 0 0 0 1 0 0 0 0 0 0.0233333333333 0 0 0.0 0 0 1 0 0.12 0.00237 0
0 0.131578947368 0.302142857143 1 0 0 0 0 0 0 0 0 0 0 0 0 0 0 0 1 0 0 0 1 0 0 0 0 0 0.0863157894737 0 0 0.0 0 0 1 0 0.082 0.0 1
1 0.304511278195 0.160714285714 0 1 0 0 0 0 0 0 1 0 0 0 0 0 0 0 0 0 0 0 1 0 0 0 0 0 0.0350877192982 1 0 0.0 1 0 1 0 0.12 0.0 0
1 0.285714285714 0.0535714285714 0 1 0 0 0 0 0 0 0 0 0 0 0 0 0 1 0 0 0 0 0 0 0 0 1 0 0.19298245614 1 1 0.044776119403 1 0 1 0 0.0 0.0 1
1 0.271879699248 0.0892857142857 0 1 0 0 0 0 0 0 1 0 0 0 0 0 0 0 0 0 0 0 1 0 0 0 0 0 0.263157894737 1 0 0.0 1 0 1 0 0.2615 0.0 0
0 0.172932330827 0.482142857143 1 0 0 1 0 0 0 0 0 0 0 0 0 0 0 0 0 1 0 0 0 0 0 0 0 0 0.0701754385965 0 1 0.0149253731343 1 0 1 0 0.1 1e-05 0
1 0.322105263158 0.0892857142857 0 1 0 0 0 0 1 0 0 0 0 0 0 0 0 0 0 0 0 0 1 0 0 0 0 0 0.157894736842 1 1 0.10447761194 0 0 1 0 0.075 0.0127 1
1 0.109022556391 0.171071428571 1 0 0 0 0 0 0 0 0 0 0 1 0 0 0 0 0 0 0 0 1 0 0 0 0 0 0.0789473684211 1 1 0.0149253731343 1 0 1 0 0.04 0.003 1
1 0.14030075188 0.410714285714 0 1 0 0 0 1 0 0 0 0 0 0 0 0 0 0 0 0 0 0 1 0 0 0 0 0 0.122807017544 1 1 0.134328358209 0 0 1 0 0.028 0.00742 1
